   0.0000000e+00  -1.4982619e-02
   5.0025013e-03   6.5911968e-02
   1.0005003e-02   5.6420275e-02
   1.5007504e-02   9.0189667e-02
   2.0010005e-02   8.7800988e-02
   2.5012506e-02  -3.7557243e-02
   3.0015008e-02  -9.0054097e-02
   3.5017509e-02  -7.2123413e-02
   4.0020010e-02   9.3172898e-02
   4.5022511e-02   4.2378258e-02
   5.0025013e-02  -7.4524040e-02
   5.5027514e-02   9.7517582e-02
   6.0030015e-02   1.2722356e-01
   6.5032516e-02  -1.0071588e-01
   7.0035018e-02   6.5383749e-02
   7.5037519e-02   1.2993681e-01
   8.0040020e-02  -3.3003951e-02
   8.5042521e-02   4.3909645e-02
   9.0045023e-02  -1.2852079e-01
   9.5047524e-02  -2.5064183e-02
   1.0005003e-01  -1.1495332e-01
   1.0505253e-01  -1.2249098e-01
   1.1005503e-01   2.0101472e-01
   1.1505753e-01  -2.7419966e-02
   1.2006003e-01   2.1055190e-02
   1.2506253e-01   2.3313022e-02
   1.3006503e-01  -2.8233422e-02
   1.3506753e-01   1.2046775e-01
   1.4007004e-01   1.5138537e-01
   1.4507254e-01  -6.4219476e-02
   1.5007504e-01  -8.5754054e-03
   1.5507754e-01   5.3876457e-02
   1.6008004e-01  -1.1698941e-01
   1.6508254e-01  -1.1416776e-01
   1.7008504e-01  -6.2335696e-02
   1.7508754e-01   4.1733738e-02
   1.8009005e-01   2.2667880e-02
   1.8509255e-01  -7.6275200e-02
   1.9009505e-01  -1.2031994e-01
   1.9509755e-01   1.0411369e-02
   2.0010005e-01   1.1485231e-02
   2.0510255e-01   1.6074866e-01
   2.1010505e-01  -2.6493806e-02
   2.1510755e-01  -5.7303386e-02
   2.2011006e-01  -6.6589417e-02
   2.2511256e-01   1.2226923e-01
   2.3011506e-01  -1.2302119e-01
   2.3511756e-01   2.1385801e-02
   2.4012006e-01  -1.3000044e-02
   2.4512256e-01  -9.1742306e-02
   2.5012506e-01  -6.4079826e-02
   2.5512756e-01   1.7133298e-01
   2.6013007e-01  -8.0132070e-02
   2.6513257e-01  -4.0782452e-02
   2.7013507e-01  -1.2964580e-02
   2.7513757e-01   1.6575869e-01
   2.8014007e-01  -8.8045952e-02
   2.8514257e-01  -2.5192112e-02
   2.9014507e-01   1.2989686e-01
   2.9514757e-01  -2.9829295e-02
   3.0015008e-01   4.7139883e-02
   3.0515258e-01  -3.2375784e-03
   3.1015508e-01   1.8743724e-03
   3.1515758e-01  -9.0688501e-02
   3.2016008e-01  -1.8233684e-01
   3.2516258e-01   4.6681362e-02
   3.3016508e-01   1.0517683e-01
   3.3516758e-01   3.8453344e-02
   3.4017009e-01   5.7515808e-03
   3.4517259e-01  -2.7260722e-03
   3.5017509e-01  -1.0849646e-01
   3.5517759e-01   6.0576313e-02
   3.6018009e-01   4.7384091e-02
   3.6518259e-01  -9.4070699e-02
   3.7018509e-01   5.3293351e-03
   3.7518759e-01   1.0912494e-02
   3.8019010e-01  -9.0009253e-02
   3.8519260e-01   1.4320953e-01
   3.9019510e-01  -1.3012615e-01
   3.9519760e-01  -1.9608986e-01
   4.0020010e-01  -1.5349585e-01
   4.0520260e-01   6.4148768e-02
   4.1020510e-01   2.2923333e-02
   4.1520760e-01   4.5029745e-02
   4.2021011e-01  -1.4578857e-01
   4.2521261e-01   1.2770857e-02
   4.3021511e-01   1.4749127e-03
   4.3521761e-01   9.0289872e-02
   4.4022011e-01   2.7924118e-03
   4.4522261e-01   2.6082227e-02
   4.5022511e-01   8.7378296e-02
   4.5522761e-01   6.1927993e-02
   4.6023012e-01  -6.0385680e-02
   4.6523262e-01   2.0041062e-02
   4.7023512e-01   8.5416931e-02
   4.7523762e-01   3.7334730e-02
   4.8024012e-01   2.5638922e-02
   4.8524262e-01   5.9639079e-02
   4.9024512e-01   2.1079067e-02
   4.9524762e-01  -3.5851471e-03
   5.0025013e-01  -2.3060384e-02
   5.0525263e-01   1.6271214e-01
   5.1025513e-01  -2.2319677e-02
   5.1525763e-01  -3.0773986e-02
   5.2026013e-01  -8.0174986e-02
   5.2526263e-01  -4.8442437e-02
   5.3026513e-01   1.2488328e-01
   5.3526763e-01  -3.1565638e-02
   5.4027014e-01   8.5014687e-02
   5.4527264e-01  -7.8146700e-02
   5.5027514e-01  -1.8987647e-02
   5.5527764e-01  -8.1168809e-02
   5.6028014e-01  -4.9862034e-03
   5.6528264e-01  -7.0209453e-02
   5.7028514e-01  -1.6396079e-02
   5.7528764e-01  -3.5441798e-02
   5.8029015e-01   4.3893206e-02
   5.8529265e-01  -2.5576197e-02
   5.9029515e-01  -1.2453851e-01
   5.9529765e-01  -3.5995608e-02
   6.0030015e-01  -3.3185479e-02
   6.0530265e-01  -2.7962231e-02
   6.1030515e-01  -9.7695201e-02
   6.1530765e-01   6.0763425e-02
   6.2031016e-01  -6.6078372e-02
   6.2531266e-01  -2.2517003e-02
   6.3031516e-01  -3.7499922e-02
   6.3531766e-01   8.7776329e-02
   6.4032016e-01   1.6616559e-02
   6.4532266e-01  -6.5179365e-02
   6.5032516e-01   5.4845707e-02
   6.5532766e-01   4.9049328e-02
   6.6033017e-01  -9.9508472e-02
   6.6533267e-01  -4.4688054e-02
   6.7033517e-01   8.3665139e-03
   6.7533767e-01   1.0056243e-01
   6.8034017e-01   8.2664565e-02
   6.8534267e-01  -4.1284741e-02
   6.9034517e-01   7.8065396e-02
   6.9534767e-01  -2.7864042e-02
   7.0035018e-01  -1.0059051e-01
   7.0535268e-01   3.9539289e-02
   7.1035518e-01   4.3433107e-02
   7.1535768e-01  -1.6167962e-02
   7.2036018e-01   7.0004023e-02
   7.2536268e-01  -8.2965393e-02
   7.3036518e-01  -2.4288411e-02
   7.3536768e-01   7.7119596e-02
   7.4037019e-01   8.3419659e-03
   7.4537269e-01   6.3229250e-02
   7.5037519e-01   6.4033127e-02
   7.5537769e-01  -1.5020978e-01
   7.6038019e-01   7.8503660e-02
   7.6538269e-01   6.1666655e-02
   7.7038519e-01  -6.3767395e-02
   7.7538769e-01  -7.0516355e-02
   7.8039020e-01  -4.4108486e-02
   7.8539270e-01   4.3560508e-02
   7.9039520e-01  -8.8123665e-02
   7.9539770e-01  -6.2329627e-02
   8.0040020e-01   7.8377070e-02
   8.0540270e-01  -9.1575747e-02
   8.1040520e-01  -2.2356227e-01
   8.1540770e-01  -1.6186676e-01
   8.2041021e-01  -2.1573623e-02
   8.2541271e-01   5.0173359e-02
   8.3041521e-01  -1.8080682e-02
   8.3541771e-01  -3.5347093e-02
   8.4042021e-01  -2.0032772e-03
   8.4542271e-01  -1.8514144e-01
   8.5042521e-01  -3.4795057e-02
   8.5542771e-01  -5.6538079e-02
   8.6043022e-01   1.3030221e-01
   8.6543272e-01   3.7232258e-02
   8.7043522e-01   2.6710850e-02
   8.7543772e-01   6.4814156e-02
   8.8044022e-01   3.2115795e-03
   8.8544272e-01   1.8330902e-02
   8.9044522e-01   5.7490353e-02
   8.9544772e-01  -9.4427785e-02
   9.0045023e-01   3.3512007e-02
   9.0545273e-01   3.7373017e-02
   9.1045523e-01  -7.4827657e-02
   9.1545773e-01   5.4462776e-02
   9.2046023e-01  -4.3650466e-02
   9.2546273e-01   4.8345695e-02
   9.3046523e-01  -2.7163196e-02
   9.3546773e-01  -1.5717780e-01
   9.4047024e-01   3.7292072e-02
   9.4547274e-01   4.4426197e-02
   9.5047524e-01   8.0441848e-03
   9.5547774e-01   2.1793410e-02
   9.6048024e-01  -6.5704288e-02
   9.6548274e-01   2.8823174e-03
   9.7048524e-01   4.5872363e-02
   9.7548774e-01   1.0296163e-02
   9.8049025e-01   9.0700593e-03
   9.8549275e-01  -1.4178243e-01
   9.9049525e-01  -8.6724822e-02
   9.9549775e-01   1.5444340e-01
   1.0005003e+00  -1.1776542e-01
   1.0055028e+00  -9.8034738e-02
   1.0105053e+00  -3.4306720e-02
   1.0155078e+00   5.6677731e-02
   1.0205103e+00  -7.8303825e-02
   1.0255128e+00  -2.7557242e-02
   1.0305153e+00  -7.1010884e-02
   1.0355178e+00  -4.0671110e-03
   1.0405203e+00  -2.0708465e-02
   1.0455228e+00  -9.4385663e-02
   1.0505253e+00  -8.1895801e-02
   1.0555278e+00   1.1858098e-01
   1.0605303e+00   4.7842568e-03
   1.0655328e+00  -4.5005845e-02
   1.0705353e+00  -2.9555936e-02
   1.0755378e+00  -4.3489028e-02
   1.0805403e+00   5.9429156e-03
   1.0855428e+00  -1.2426910e-02
   1.0905453e+00   1.5628548e-02
   1.0955478e+00  -1.0025082e-01
   1.1005503e+00   3.5033618e-02
   1.1055528e+00  -6.8823159e-02
   1.1105553e+00   2.9456885e-02
   1.1155578e+00   1.1100216e-01
   1.1205603e+00   4.1047301e-02
   1.1255628e+00   9.6433755e-03
   1.1305653e+00  -4.1672241e-02
   1.1355678e+00  -4.2459391e-02
   1.1405703e+00   3.3046065e-02
   1.1455728e+00   1.6192986e-01
   1.1505753e+00  -2.1166063e-02
   1.1555778e+00  -4.6770447e-02
   1.1605803e+00  -7.3630305e-02
   1.1655828e+00  -2.0428076e-01
   1.1705853e+00   6.4944965e-02
   1.1755878e+00  -8.5436970e-02
   1.1805903e+00   5.8372032e-02
   1.1855928e+00   1.8043645e-02
   1.1905953e+00  -5.4031855e-02
   1.1955978e+00   5.0022999e-02
   1.2006003e+00   7.2005687e-02
   1.2056028e+00  -3.6672342e-02
   1.2106053e+00  -4.7871439e-02
   1.2156078e+00  -5.3948017e-02
   1.2206103e+00  -9.7671212e-02
   1.2256128e+00   5.5216447e-02
   1.2306153e+00   5.5875965e-02
   1.2356178e+00   9.1840105e-02
   1.2406203e+00  -4.6657696e-02
   1.2456228e+00  -5.0227464e-02
   1.2506253e+00  -2.0318309e-01
   1.2556278e+00  -5.9814506e-02
   1.2606303e+00  -1.2514372e-02
   1.2656328e+00  -1.1383326e-01
   1.2706353e+00   1.0942047e-01
   1.2756378e+00   6.0028604e-02
   1.2806403e+00   6.9187291e-02
   1.2856428e+00  -4.8019280e-02
   1.2906453e+00  -1.2535308e-02
   1.2956478e+00  -5.2801283e-03
   1.3006503e+00  -3.5767850e-02
   1.3056528e+00  -1.1060787e-01
   1.3106553e+00   2.2353971e-02
   1.3156578e+00   1.0002652e-02
   1.3206603e+00   2.0592688e-02
   1.3256628e+00   8.7994377e-02
   1.3306653e+00   8.7468845e-03
   1.3356678e+00  -3.8175335e-02
   1.3406703e+00  -1.9194537e-02
   1.3456728e+00   2.3494601e-01
   1.3506753e+00   2.4839471e-02
   1.3556778e+00  -7.0021247e-02
   1.3606803e+00   8.4418289e-02
   1.3656828e+00   3.5448327e-02
   1.3706853e+00   1.3720901e-01
   1.3756878e+00   2.3708486e-02
   1.3806903e+00  -2.9537690e-02
   1.3856928e+00   6.9616437e-04
   1.3906953e+00   8.4014758e-02
   1.3956978e+00  -7.3743134e-02
   1.4007004e+00   1.6839512e-02
   1.4057029e+00   7.6324076e-02
   1.4107054e+00  -6.2082863e-02
   1.4157079e+00  -3.5480914e-02
   1.4207104e+00  -8.6271369e-02
   1.4257129e+00   7.6256486e-04
   1.4307154e+00   1.2375277e-01
   1.4357179e+00  -7.4109216e-02
   1.4407204e+00   2.3993882e-01
   1.4457229e+00  -4.1102418e-02
   1.4507254e+00   1.3141671e-02
   1.4557279e+00  -1.2894704e-01
   1.4607304e+00  -8.2221512e-02
   1.4657329e+00  -8.7386462e-02
   1.4707354e+00  -3.9631829e-02
   1.4757379e+00  -1.7194868e-01
   1.4807404e+00   1.0035052e-01
   1.4857429e+00   1.0716470e-01
   1.4907454e+00   1.6739918e-02
   1.4957479e+00   5.0223287e-02
   1.5007504e+00  -1.5305506e-01
   1.5057529e+00  -7.6557765e-02
   1.5107554e+00   2.5044767e-02
   1.5157579e+00   3.2488510e-02
   1.5207604e+00   1.0501882e-01
   1.5257629e+00   7.3076789e-02
   1.5307654e+00  -3.3488251e-02
   1.5357679e+00   4.5211165e-02
   1.5407704e+00  -8.5195433e-02
   1.5457729e+00   1.5034918e-02
   1.5507754e+00  -5.1170039e-02
   1.5557779e+00   5.0257598e-02
   1.5607804e+00  -3.4819887e-02
   1.5657829e+00   1.2503578e-02
   1.5707854e+00   2.9635452e-02
   1.5757879e+00  -3.1511416e-02
   1.5807904e+00  -1.4700221e-01
   1.5857929e+00   6.4713515e-02
   1.5907954e+00  -9.0419198e-02
   1.5957979e+00   8.0690213e-02
   1.6008004e+00   1.3232074e-02
   1.6058029e+00  -6.6760700e-02
   1.6108054e+00  -2.5798835e-02
   1.6158079e+00  -8.3418447e-02
   1.6208104e+00  -9.6744394e-02
   1.6258129e+00   3.8059761e-02
   1.6308154e+00  -2.9470640e-02
   1.6358179e+00  -1.0905583e-01
   1.6408204e+00  -3.0157313e-02
   1.6458229e+00   1.5067058e-02
   1.6508254e+00   8.8826519e-03
   1.6558279e+00  -1.4484576e-02
   1.6608304e+00  -2.1925942e-02
   1.6658329e+00  -8.2326169e-02
   1.6708354e+00   1.1002815e-01
   1.6758379e+00   3.8614615e-02
   1.6808404e+00   6.7268608e-02
   1.6858429e+00  -6.2566279e-02
   1.6908454e+00  -9.9470920e-02
   1.6958479e+00  -6.1441830e-02
   1.7008504e+00  -1.8570867e-02
   1.7058529e+00  -8.6740506e-02
   1.7108554e+00   9.3174107e-02
   1.7158579e+00   4.6300842e-02
   1.7208604e+00  -1.3329506e-01
   1.7258629e+00  -1.2046290e-01
   1.7308654e+00  -2.3676791e-01
   1.7358679e+00  -1.3208437e-02
   1.7408704e+00  -8.0644329e-02
   1.7458729e+00   2.1216066e-02
   1.7508754e+00   3.4189760e-02
   1.7558779e+00   1.3804767e-01
   1.7608804e+00  -2.3260062e-03
   1.7658829e+00   3.7602195e-02
   1.7708854e+00  -2.7515450e-04
   1.7758879e+00  -2.9858173e-02
   1.7808904e+00  -6.0164274e-02
   1.7858929e+00  -1.0471222e-01
   1.7908954e+00   1.1806142e-01
   1.7958979e+00  -2.7104275e-02
   1.8009005e+00  -1.8334692e-03
   1.8059030e+00   8.7727456e-02
   1.8109055e+00  -9.9764040e-02
   1.8159080e+00  -5.9924293e-02
   1.8209105e+00   1.4149750e-01
   1.8259130e+00  -2.3286579e-02
   1.8309155e+00   6.8963740e-03
   1.8359180e+00  -4.1675161e-02
   1.8409205e+00   1.0379370e-02
   1.8459230e+00  -1.1208714e-02
   1.8509255e+00   6.8951186e-02
   1.8559280e+00   5.7417140e-02
   1.8609305e+00   1.3883188e-02
   1.8659330e+00   5.4939079e-02
   1.8709355e+00  -1.4330736e-01
   1.8759380e+00  -7.4793421e-02
   1.8809405e+00   1.3672362e-01
   1.8859430e+00   7.8708716e-02
   1.8909455e+00   7.0082259e-02
   1.8959480e+00   8.5671349e-02
   1.9009505e+00   6.2580248e-02
   1.9059530e+00   8.3924111e-02
   1.9109555e+00   5.6148419e-02
   1.9159580e+00  -3.7495578e-02
   1.9209605e+00   1.3090953e-01
   1.9259630e+00   8.9277188e-02
   1.9309655e+00   1.0582395e-01
   1.9359680e+00   1.2500948e-01
   1.9409705e+00  -1.5087851e-02
   1.9459730e+00  -2.0273395e-03
   1.9509755e+00  -1.1824406e-02
   1.9559780e+00  -1.6450566e-01
   1.9609805e+00   1.4391380e-01
   1.9659830e+00   5.7899811e-02
   1.9709855e+00   1.4755786e-01
   1.9759880e+00   3.6440781e-03
   1.9809905e+00   1.3192588e-01
   1.9859930e+00   4.4600274e-02
   1.9909955e+00  -7.5253284e-02
   1.9959980e+00   2.1565556e-02
   2.0010005e+00   8.3826941e-02
   2.0060030e+00   8.7394488e-02
   2.0110055e+00  -2.5041652e-02
   2.0160080e+00   1.7357700e-01
   2.0210105e+00   2.0839490e-02
   2.0260130e+00  -7.2728752e-02
   2.0310155e+00   9.8952746e-02
   2.0360180e+00  -1.4578369e-02
   2.0410205e+00  -7.5758823e-02
   2.0460230e+00  -2.9917285e-02
   2.0510255e+00   1.0686648e-01
   2.0560280e+00  -7.5004790e-02
   2.0610305e+00  -9.2958547e-03
   2.0660330e+00   1.1730013e-02
   2.0710355e+00   8.5269842e-02
   2.0760380e+00   6.6096863e-02
   2.0810405e+00   4.5214887e-03
   2.0860430e+00  -7.7959049e-02
   2.0910455e+00   1.8561097e-02
   2.0960480e+00  -2.6943566e-02
   2.1010505e+00   8.5163583e-02
   2.1060530e+00   6.2883199e-02
   2.1110555e+00  -9.2584956e-02
   2.1160580e+00   1.3473722e-02
   2.1210605e+00  -3.2719842e-02
   2.1260630e+00  -2.7778947e-02
   2.1310655e+00  -8.9419732e-02
   2.1360680e+00  -1.3382732e-01
   2.1410705e+00  -2.9564645e-03
   2.1460730e+00  -5.9257292e-02
   2.1510755e+00  -5.0329341e-02
   2.1560780e+00   1.0467345e-01
   2.1610805e+00   4.9719343e-02
   2.1660830e+00   1.1969617e-01
   2.1710855e+00  -4.0642005e-03
   2.1760880e+00   1.2036692e-01
   2.1810905e+00   4.6145959e-02
   2.1860930e+00  -4.5647904e-03
   2.1910955e+00  -9.1867233e-02
   2.1960980e+00   5.5465314e-02
   2.2011006e+00  -2.9235131e-02
   2.2061031e+00  -8.0099858e-02
   2.2111056e+00   6.4983370e-02
   2.2161081e+00   1.2450838e-02
   2.2211106e+00   8.5517542e-02
   2.2261131e+00  -5.9710749e-02
   2.2311156e+00   4.0276720e-02
   2.2361181e+00   1.7157542e-02
   2.2411206e+00  -1.4934796e-01
   2.2461231e+00   3.4113580e-02
   2.2511256e+00  -7.4483837e-02
   2.2561281e+00   3.0833960e-02
   2.2611306e+00   1.0482188e-01
   2.2661331e+00  -6.0519299e-02
   2.2711356e+00   9.9810164e-02
   2.2761381e+00   5.5248472e-02
   2.2811406e+00  -1.3703879e-01
   2.2861431e+00  -4.9746349e-02
   2.2911456e+00  -5.4054430e-02
   2.2961481e+00  -6.9937718e-02
   2.3011506e+00  -3.6232664e-03
   2.3061531e+00   9.1400374e-02
   2.3111556e+00   7.6056697e-02
   2.3161581e+00  -2.2647552e-02
   2.3211606e+00  -4.0889766e-02
   2.3261631e+00   8.6502586e-02
   2.3311656e+00  -9.1793460e-03
   2.3361681e+00  -8.2142650e-04
   2.3411706e+00  -1.1591736e-02
   2.3461731e+00  -2.0339511e-03
   2.3511756e+00  -1.4374204e-01
   2.3561781e+00   8.5160225e-02
   2.3611806e+00  -1.6251332e-02
   2.3661831e+00  -6.2032353e-02
   2.3711856e+00  -4.3463819e-02
   2.3761881e+00   1.5680037e-01
   2.3811906e+00  -3.1750519e-02
   2.3861931e+00   2.1407433e-02
   2.3911956e+00  -1.1746189e-01
   2.3961981e+00  -3.7443837e-02
   2.4012006e+00   5.1907114e-02
   2.4062031e+00   7.4261751e-03
   2.4112056e+00   4.0794555e-02
   2.4162081e+00  -4.8767517e-02
   2.4212106e+00  -3.0632982e-02
   2.4262131e+00   1.6484733e-02
   2.4312156e+00   1.0657156e-02
   2.4362181e+00  -9.2474037e-02
   2.4412206e+00   7.1880674e-02
   2.4462231e+00   2.6297375e-01
   2.4512256e+00  -4.9627909e-02
   2.4562281e+00   6.0059649e-02
   2.4612306e+00  -1.7628800e-01
   2.4662331e+00   6.0342994e-02
   2.4712356e+00   9.2109004e-02
   2.4762381e+00  -2.2826643e-02
   2.4812406e+00   2.4658918e-02
   2.4862431e+00   3.4724565e-02
   2.4912456e+00   1.1918430e-01
   2.4962481e+00   6.7845350e-02
   2.5012506e+00   8.5683716e-02
   2.5062531e+00  -4.5766949e-03
   2.5112556e+00  -7.2907803e-02
   2.5162581e+00  -7.8102048e-03
   2.5212606e+00  -3.7437967e-02
   2.5262631e+00   3.7860294e-02
   2.5312656e+00   1.7091363e-01
   2.5362681e+00   3.1967892e-02
   2.5412706e+00   2.4274558e-02
   2.5462731e+00   2.1160872e-02
   2.5512756e+00  -3.0345335e-02
   2.5562781e+00  -1.4089340e-01
   2.5612806e+00   1.3647905e-01
   2.5662831e+00  -4.2791293e-02
   2.5712856e+00   2.6102174e-02
   2.5762881e+00   2.9464713e-02
   2.5812906e+00  -9.1135068e-02
   2.5862931e+00   8.1293813e-02
   2.5912956e+00   2.6836172e-03
   2.5962981e+00  -6.5391913e-02
   2.6013007e+00   2.9587318e-02
   2.6063032e+00  -1.1071410e-01
   2.6113057e+00   2.3875270e-02
   2.6163082e+00   1.6348566e-02
   2.6213107e+00  -2.8307184e-02
   2.6263132e+00  -7.9546639e-02
   2.6313157e+00   4.2160729e-02
   2.6363182e+00   4.4453828e-02
   2.6413207e+00   6.3507181e-02
   2.6463232e+00   4.3123796e-02
   2.6513257e+00   9.7227769e-03
   2.6563282e+00  -3.8010798e-02
   2.6613307e+00   2.2030487e-02
   2.6663332e+00  -2.0408344e-02
   2.6713357e+00  -1.2719243e-01
   2.6763382e+00   5.0704368e-02
   2.6813407e+00   7.1469560e-02
   2.6863432e+00   2.1385782e-02
   2.6913457e+00   2.0318363e-01
   2.6963482e+00  -1.5442911e-01
   2.7013507e+00  -3.9928821e-02
   2.7063532e+00  -7.9944599e-03
   2.7113557e+00  -6.8546349e-02
   2.7163582e+00   1.6150173e-01
   2.7213607e+00  -1.8365990e-02
   2.7263632e+00   6.5771940e-02
   2.7313657e+00   1.2233880e-01
   2.7363682e+00  -8.1324801e-02
   2.7413707e+00   8.7991561e-02
   2.7463732e+00   9.5004120e-02
   2.7513757e+00  -1.6969105e-01
   2.7563782e+00   5.0837126e-02
   2.7613807e+00   4.7099531e-02
   2.7663832e+00  -1.1004995e-01
   2.7713857e+00   9.8126358e-02
   2.7763882e+00   5.9073044e-02
   2.7813907e+00   3.3486580e-02
   2.7863932e+00  -1.8639570e-02
   2.7913957e+00   7.3408015e-02
   2.7963982e+00   1.6899652e-01
   2.8014007e+00   6.7117008e-02
   2.8064032e+00  -1.3508302e-03
   2.8114057e+00   2.6607322e-02
   2.8164082e+00  -3.2839107e-02
   2.8214107e+00   1.3015369e-01
   2.8264132e+00   5.4384560e-02
   2.8314157e+00   2.1497372e-02
   2.8364182e+00   7.3386551e-02
   2.8414207e+00  -1.8568976e-02
   2.8464232e+00   1.8311813e-02
   2.8514257e+00  -9.5947105e-02
   2.8564282e+00  -7.4196644e-02
   2.8614307e+00  -2.3064767e-02
   2.8664332e+00  -1.5536001e-01
   2.8714357e+00   6.7073471e-02
   2.8764382e+00  -3.1838436e-02
   2.8814407e+00  -2.5892941e-03
   2.8864432e+00  -1.1057589e-02
   2.8914457e+00   4.2421346e-02
   2.8964482e+00  -4.6752213e-02
   2.9014507e+00   3.6337642e-02
   2.9064532e+00   3.0267933e-02
   2.9114557e+00   1.5611721e-01
   2.9164582e+00  -9.3564005e-02
   2.9214607e+00   1.3471712e-01
   2.9264632e+00  -1.1384974e-01
   2.9314657e+00  -5.3705348e-02
   2.9364682e+00   7.3332883e-03
   2.9414707e+00  -1.5105691e-01
   2.9464732e+00  -1.5288026e-01
   2.9514757e+00   9.3134005e-02
   2.9564782e+00   1.0053713e-01
   2.9614807e+00  -2.3748943e-02
   2.9664832e+00  -1.0935361e-01
   2.9714857e+00   4.6905033e-02
   2.9764882e+00   7.4206561e-02
   2.9814907e+00  -1.2562429e-02
   2.9864932e+00   4.7252147e-02
   2.9914957e+00   1.7778215e-01
   2.9964982e+00  -5.7710209e-02
   3.0015008e+00   2.4105604e-02
   3.0065033e+00   2.4306298e-01
   3.0115058e+00  -5.9503928e-02
   3.0165083e+00  -2.9493402e-02
   3.0215108e+00   5.5583400e-02
   3.0265133e+00   7.8457755e-02
   3.0315158e+00   1.8548194e-01
   3.0365183e+00  -1.6945026e-02
   3.0415208e+00  -4.0009393e-03
   3.0465233e+00  -2.4827672e-03
   3.0515258e+00  -2.4431340e-02
   3.0565283e+00   7.9431567e-02
   3.0615308e+00  -2.7619946e-02
   3.0665333e+00  -2.7429322e-02
   3.0715358e+00   1.7918439e-03
   3.0765383e+00  -5.1277627e-02
   3.0815408e+00   6.4610013e-02
   3.0865433e+00   4.3056167e-02
   3.0915458e+00  -6.8496102e-02
   3.0965483e+00  -7.2836372e-02
   3.1015508e+00  -1.8183143e-01
   3.1065533e+00   3.5036027e-02
   3.1115558e+00   9.8590734e-02
   3.1165583e+00   2.4877671e-02
   3.1215608e+00   1.1920059e-02
   3.1265633e+00   9.6562295e-03
   3.1315658e+00   6.1060456e-02
   3.1365683e+00  -1.2144605e-01
   3.1415708e+00  -7.0002420e-02
   3.1465733e+00   4.8067415e-02
   3.1515758e+00   1.7248154e-01
   3.1565783e+00  -1.1529640e-01
   3.1615808e+00   3.2940183e-02
   3.1665833e+00   3.7673721e-02
   3.1715858e+00   1.3529307e-02
   3.1765883e+00  -9.9244349e-03
   3.1815908e+00  -2.8276926e-02
   3.1865933e+00   2.7480860e-02
   3.1915958e+00   1.3737620e-02
   3.1965983e+00   3.2402169e-02
   3.2016008e+00  -7.0482423e-02
   3.2066033e+00  -1.1835689e-01
   3.2116058e+00  -9.0559366e-02
   3.2166083e+00  -5.0527196e-02
   3.2216108e+00   7.9522850e-03
   3.2266133e+00  -7.3001110e-02
   3.2316158e+00  -8.5149800e-03
   3.2366183e+00   8.2270847e-02
   3.2416208e+00  -2.3012995e-02
   3.2466233e+00   3.7857346e-02
   3.2516258e+00  -1.5060086e-02
   3.2566283e+00   9.9617255e-02
   3.2616308e+00  -1.1693239e-01
   3.2666333e+00   1.5376137e-01
   3.2716358e+00   2.0490370e-02
   3.2766383e+00  -3.8583951e-02
   3.2816408e+00  -6.0782826e-02
   3.2866433e+00  -3.3462280e-03
   3.2916458e+00  -7.3380582e-02
   3.2966483e+00   4.5130277e-02
   3.3016508e+00  -4.0854412e-02
   3.3066533e+00  -1.9108105e-03
   3.3116558e+00  -5.7812790e-02
   3.3166583e+00   1.0694274e-02
   3.3216608e+00   2.0268801e-02
   3.3266633e+00  -2.6072666e-02
   3.3316658e+00   8.8200144e-02
   3.3366683e+00  -1.6500932e-01
   3.3416708e+00   8.5120390e-02
   3.3466733e+00   1.7077773e-01
   3.3516758e+00   5.8171187e-03
   3.3566783e+00   3.3208935e-02
   3.3616808e+00   1.9150744e-04
   3.3666833e+00  -9.3202738e-02
   3.3716858e+00   3.6374259e-02
   3.3766883e+00  -3.6076739e-02
   3.3816908e+00   2.2130133e-01
   3.3866933e+00  -8.5565586e-02
   3.3916958e+00   4.6965788e-02
   3.3966983e+00  -8.9101450e-02
   3.4017009e+00  -4.9911430e-02
   3.4067034e+00   5.7091261e-03
   3.4117059e+00  -4.1551124e-02
   3.4167084e+00  -1.2106461e-01
   3.4217109e+00   8.5944832e-02
   3.4267134e+00   7.9918233e-02
   3.4317159e+00  -3.9649150e-02
   3.4367184e+00   4.0677783e-02
   3.4417209e+00  -3.5330627e-03
   3.4467234e+00   4.9293848e-03
   3.4517259e+00  -4.1565900e-02
   3.4567284e+00  -2.8802750e-02
   3.4617309e+00   6.4969758e-03
   3.4667334e+00   1.5890973e-02
   3.4717359e+00   1.4790181e-01
   3.4767384e+00   6.6880640e-02
   3.4817409e+00   6.9945809e-02
   3.4867434e+00  -1.0583160e-01
   3.4917459e+00   1.6664823e-01
   3.4967484e+00  -8.1137564e-02
   3.5017509e+00  -1.6391223e-02
   3.5067534e+00  -3.2964743e-02
   3.5117559e+00   4.0118052e-02
   3.5167584e+00   9.7806695e-02
   3.5217609e+00   1.9128926e-02
   3.5267634e+00  -7.9904786e-02
   3.5317659e+00   4.0178329e-02
   3.5367684e+00   1.1121535e-02
   3.5417709e+00   1.3771600e-01
   3.5467734e+00   4.6433304e-02
   3.5517759e+00   7.6570027e-03
   3.5567784e+00  -5.8365383e-03
   3.5617809e+00   9.9031803e-02
   3.5667834e+00   6.5379134e-02
   3.5717859e+00   1.2718369e-02
   3.5767884e+00  -1.0156853e-01
   3.5817909e+00  -7.8344295e-02
   3.5867934e+00  -6.3517244e-03
   3.5917959e+00  -5.0369474e-03
   3.5967984e+00   6.4441071e-02
   3.6018009e+00   1.1495027e-01
   3.6068034e+00   5.4490641e-02
   3.6118059e+00   5.7992563e-02
   3.6168084e+00  -1.5102337e-02
   3.6218109e+00   8.8924494e-02
   3.6268134e+00   1.0437300e-01
   3.6318159e+00   7.1869626e-02
   3.6368184e+00   5.0904019e-02
   3.6418209e+00   5.5878290e-02
   3.6468234e+00  -1.0375013e-01
   3.6518259e+00   5.1297979e-02
   3.6568284e+00  -2.5838973e-02
   3.6618309e+00  -3.0967045e-02
   3.6668334e+00   8.5714917e-02
   3.6718359e+00  -8.7051047e-03
   3.6768384e+00   1.0152642e-01
   3.6818409e+00   1.2192998e-01
   3.6868434e+00   9.7725015e-02
   3.6918459e+00  -6.4153699e-02
   3.6968484e+00   1.9307866e-01
   3.7018509e+00   7.3334304e-02
   3.7068534e+00   1.3562197e-03
   3.7118559e+00   5.9883943e-02
   3.7168584e+00  -1.8669291e-02
   3.7218609e+00   1.1355435e-02
   3.7268634e+00   1.9397425e-02
   3.7318659e+00   2.3853573e-02
   3.7368684e+00  -1.6088984e-01
   3.7418709e+00  -8.6096289e-02
   3.7468734e+00   5.8182321e-02
   3.7518759e+00  -7.6588092e-02
   3.7568784e+00   6.3445185e-02
   3.7618809e+00  -7.9793304e-03
   3.7668834e+00   1.0362720e-01
   3.7718859e+00   4.7391087e-02
   3.7768884e+00   4.9357758e-02
   3.7818909e+00   1.4172160e-01
   3.7868934e+00   5.3678033e-02
   3.7918959e+00   3.6856605e-02
   3.7968984e+00   7.9663757e-02
   3.8019010e+00  -3.6554536e-03
   3.8069035e+00   1.3602632e-01
   3.8119060e+00  -1.5452724e-01
   3.8169085e+00  -1.9520334e-01
   3.8219110e+00   9.3949288e-02
   3.8269135e+00   1.0010708e-01
   3.8319160e+00   7.1728859e-03
   3.8369185e+00  -3.2611720e-02
   3.8419210e+00  -4.4935518e-02
   3.8469235e+00  -9.8449606e-02
   3.8519260e+00   6.4724873e-02
   3.8569285e+00   5.0554006e-02
   3.8619310e+00  -3.3853597e-02
   3.8669335e+00   5.6647387e-02
   3.8719360e+00  -4.4568525e-02
   3.8769385e+00  -2.9852788e-02
   3.8819410e+00   4.5550744e-02
   3.8869435e+00   8.0964341e-03
   3.8919460e+00  -2.0250232e-03
   3.8969485e+00   1.1059289e-01
   3.9019510e+00   1.4845725e-02
   3.9069535e+00   1.7235821e-02
   3.9119560e+00   1.4834902e-01
   3.9169585e+00   1.9817201e-02
   3.9219610e+00  -1.2050680e-01
   3.9269635e+00   1.3531558e-01
   3.9319660e+00  -1.0760265e-01
   3.9369685e+00   1.1436269e-02
   3.9419710e+00   2.8530511e-02
   3.9469735e+00   2.7997764e-02
   3.9519760e+00   5.8768523e-02
   3.9569785e+00   9.4832051e-02
   3.9619810e+00  -1.0336883e-01
   3.9669835e+00   1.1537355e-01
   3.9719860e+00  -5.1993586e-02
   3.9769885e+00  -1.4528785e-02
   3.9819910e+00   8.0806538e-02
   3.9869935e+00   2.7990977e-02
   3.9919960e+00  -8.5624190e-02
   3.9969985e+00   1.7922312e-01
   4.0020010e+00   1.4085859e-01
   4.0070035e+00  -7.5932214e-03
   4.0120060e+00   1.1829771e-01
   4.0170085e+00  -3.2454410e-02
   4.0220110e+00   1.4818924e-02
   4.0270135e+00   4.5633026e-02
   4.0320160e+00  -1.4957632e-02
   4.0370185e+00   2.1860082e-01
   4.0420210e+00   3.4002654e-02
   4.0470235e+00   3.7629744e-02
   4.0520260e+00   7.8224373e-03
   4.0570285e+00  -6.2157898e-03
   4.0620310e+00   1.3335383e-01
   4.0670335e+00   6.0138710e-02
   4.0720360e+00  -3.2594011e-02
   4.0770385e+00   2.0726580e-03
   4.0820410e+00   2.3987837e-02
   4.0870435e+00   6.4617502e-03
   4.0920460e+00   1.7219583e-01
   4.0970485e+00   1.6610207e-01
   4.1020510e+00   2.1403906e-02
   4.1070535e+00  -1.5047993e-01
   4.1120560e+00   5.1303364e-02
   4.1170585e+00  -6.2853376e-03
   4.1220610e+00   8.6777848e-02
   4.1270635e+00  -3.6250234e-02
   4.1320660e+00  -2.2209720e-02
   4.1370685e+00   1.4161557e-01
   4.1420710e+00   1.2847419e-01
   4.1470735e+00   1.1605217e-01
   4.1520760e+00  -2.3372919e-02
   4.1570785e+00   9.1566887e-02
   4.1620810e+00   7.4250707e-02
   4.1670835e+00  -6.5805955e-02
   4.1720860e+00   1.7095611e-01
   4.1770885e+00   1.9526677e-01
   4.1820910e+00   6.5859330e-04
   4.1870935e+00   5.4137461e-02
   4.1920960e+00   1.1035375e-01
   4.1970985e+00   7.0349199e-02
   4.2021011e+00  -3.8636089e-02
   4.2071036e+00   1.3797993e-01
   4.2121061e+00   1.7812308e-01
   4.2171086e+00   9.7881540e-02
   4.2221111e+00   2.4321125e-01
   4.2271136e+00  -2.7561390e-03
   4.2321161e+00   2.0715471e-02
   4.2371186e+00   4.2542901e-02
   4.2421211e+00   1.7731959e-01
   4.2471236e+00   2.5917941e-01
   4.2521261e+00   1.0097691e-01
   4.2571286e+00   1.4717495e-01
   4.2621311e+00   9.0648310e-02
   4.2671336e+00  -6.7414258e-03
   4.2721361e+00   8.6755331e-02
   4.2771386e+00   3.1938920e-01
   4.2821411e+00   1.6472208e-01
   4.2871436e+00   8.0072536e-02
   4.2921461e+00   2.2763574e-01
   4.2971486e+00   1.5389852e-01
   4.3021511e+00   1.9306665e-01
   4.3071536e+00  -1.2908400e-02
   4.3121561e+00   6.7348526e-02
   4.3171586e+00   1.2009404e-01
   4.3221611e+00   2.6075795e-01
   4.3271636e+00   1.3983197e-01
   4.3321661e+00   8.0877927e-02
   4.3371686e+00   1.2727821e-01
   4.3421711e+00   7.8813904e-02
   4.3471736e+00   1.6733545e-01
   4.3521761e+00   1.5204893e-01
   4.3571786e+00   1.8696811e-01
   4.3621811e+00   7.5468588e-02
   4.3671836e+00   2.5733086e-01
   4.3721861e+00   4.2961345e-02
   4.3771886e+00   1.3103002e-01
   4.3821911e+00   9.6475594e-02
   4.3871936e+00   2.3233215e-01
   4.3921961e+00   1.4050846e-01
   4.3971986e+00   1.4574222e-01
   4.4022011e+00   2.6007159e-01
   4.4072036e+00   1.3985574e-01
   4.4122061e+00   2.1502367e-01
   4.4172086e+00   1.3135238e-01
   4.4222111e+00   1.1681383e-01
   4.4272136e+00   1.7890735e-01
   4.4322161e+00   2.6304024e-01
   4.4372186e+00   1.6907647e-01
   4.4422211e+00   1.6053615e-01
   4.4472236e+00   2.4288084e-01
   4.4522261e+00   2.1039671e-01
   4.4572286e+00   7.1365205e-02
   4.4622311e+00   2.5389848e-01
   4.4672336e+00   1.9526981e-01
   4.4722361e+00   2.9683659e-01
   4.4772386e+00   1.5723502e-01
   4.4822411e+00   2.7746264e-01
   4.4872436e+00   1.2370110e-01
   4.4922461e+00   3.4868979e-01
   4.4972486e+00   5.7151017e-02
   4.5022511e+00   1.9419849e-01
   4.5072536e+00   2.6620804e-01
   4.5122561e+00   3.3711477e-01
   4.5172586e+00   3.0265841e-01
   4.5222611e+00   2.8944047e-01
   4.5272636e+00   3.3941693e-01
   4.5322661e+00   2.2368811e-01
   4.5372686e+00   2.4520100e-01
   4.5422711e+00   2.8958196e-01
   4.5472736e+00   1.4892935e-01
   4.5522761e+00   6.3032481e-02
   4.5572786e+00   3.7868089e-01
   4.5622811e+00   2.5397570e-01
   4.5672836e+00   3.0880659e-01
   4.5722861e+00   1.4147060e-01
   4.5772886e+00   3.6983905e-01
   4.5822911e+00   1.5587280e-01
   4.5872936e+00   3.2572371e-01
   4.5922961e+00   4.1277228e-01
   4.5972986e+00   4.0368900e-01
   4.6023012e+00   2.7762906e-01
   4.6073037e+00   3.8063035e-01
   4.6123062e+00   3.0189511e-01
   4.6173087e+00   2.7132111e-01
   4.6223112e+00   2.6018975e-01
   4.6273137e+00   1.5479679e-01
   4.6323162e+00   2.0070363e-01
   4.6373187e+00   3.4021031e-01
   4.6423212e+00   2.0843218e-01
   4.6473237e+00   2.8342103e-01
   4.6523262e+00   4.1262602e-01
   4.6573287e+00   3.5974242e-01
   4.6623312e+00   3.1877079e-01
   4.6673337e+00   3.8039146e-01
   4.6723362e+00   1.9389755e-01
   4.6773387e+00   3.7503104e-01
   4.6823412e+00   3.7107151e-01
   4.6873437e+00   2.2604243e-01
   4.6923462e+00   4.7380991e-01
   4.6973487e+00   2.4836887e-01
   4.7023512e+00   4.3905245e-01
   4.7073537e+00   3.5410782e-01
   4.7123562e+00   3.4388276e-01
   4.7173587e+00   3.4522383e-01
   4.7223612e+00   3.5801800e-01
   4.7273637e+00   3.0915137e-01
   4.7323662e+00   3.3371003e-01
   4.7373687e+00   3.4811152e-01
   4.7423712e+00   4.6747661e-01
   4.7473737e+00   3.1443133e-01
   4.7523762e+00   4.2251551e-01
   4.7573787e+00   4.4595190e-01
   4.7623812e+00   3.1159526e-01
   4.7673837e+00   5.5375679e-01
   4.7723862e+00   2.7903494e-01
   4.7773887e+00   4.3847794e-01
   4.7823912e+00   3.2720758e-01
   4.7873937e+00   4.5060109e-01
   4.7923962e+00   4.1863509e-01
   4.7973987e+00   4.1903148e-01
   4.8024012e+00   3.9604174e-01
   4.8074037e+00   4.9277780e-01
   4.8124062e+00   4.2952481e-01
   4.8174087e+00   4.4437198e-01
   4.8224112e+00   5.6012301e-01
   4.8274137e+00   5.7928455e-01
   4.8324162e+00   5.4055258e-01
   4.8374187e+00   4.7052906e-01
   4.8424212e+00   5.2369434e-01
   4.8474237e+00   4.3558371e-01
   4.8524262e+00   4.6319128e-01
   4.8574287e+00   4.0459492e-01
   4.8624312e+00   4.5575328e-01
   4.8674337e+00   4.3363833e-01
   4.8724362e+00   4.2765904e-01
   4.8774387e+00   5.0250738e-01
   4.8824412e+00   6.2823095e-01
   4.8874437e+00   4.9304696e-01
   4.8924462e+00   6.2476712e-01
   4.8974487e+00   5.7637728e-01
   4.9024512e+00   5.4589445e-01
   4.9074537e+00   5.2659903e-01
   4.9124562e+00   5.4905535e-01
   4.9174587e+00   8.3283111e-01
   4.9224612e+00   6.4561041e-01
   4.9274637e+00   6.1814062e-01
   4.9324662e+00   6.5173736e-01
   4.9374687e+00   5.5849327e-01
   4.9424712e+00   6.9733884e-01
   4.9474737e+00   6.2471267e-01
   4.9524762e+00   5.9703209e-01
   4.9574787e+00   4.9637901e-01
   4.9624812e+00   5.3231203e-01
   4.9674837e+00   5.8068725e-01
   4.9724862e+00   5.4715930e-01
   4.9774887e+00   5.3047128e-01
   4.9824912e+00   5.9234597e-01
   4.9874937e+00   8.0803218e-01
   4.9924962e+00   6.0294366e-01
   4.9974987e+00   7.6536991e-01
   5.0025013e+00   5.9747143e-01
   5.0075038e+00   6.2617429e-01
   5.0125063e+00   6.0031900e-01
   5.0175088e+00   7.0366097e-01
   5.0225113e+00   7.1011991e-01
   5.0275138e+00   6.5222164e-01
   5.0325163e+00   8.2003229e-01
   5.0375188e+00   8.0778341e-01
   5.0425213e+00   6.2638559e-01
   5.0475238e+00   7.5079948e-01
   5.0525263e+00   7.1951947e-01
   5.0575288e+00   5.5374414e-01
   5.0625313e+00   6.4633252e-01
   5.0675338e+00   7.2353058e-01
   5.0725363e+00   7.7670172e-01
   5.0775388e+00   6.1906478e-01
   5.0825413e+00   5.9091473e-01
   5.0875438e+00   5.4629484e-01
   5.0925463e+00   6.3558509e-01
   5.0975488e+00   5.9856504e-01
   5.1025513e+00   6.7807800e-01
   5.1075538e+00   6.4474588e-01
   5.1125563e+00   7.5277978e-01
   5.1175588e+00   7.0061873e-01
   5.1225613e+00   7.3668685e-01
   5.1275638e+00   5.9709177e-01
   5.1325663e+00   6.6563314e-01
   5.1375688e+00   6.8090658e-01
   5.1425713e+00   6.3369266e-01
   5.1475738e+00   6.8710297e-01
   5.1525763e+00   7.2522214e-01
   5.1575788e+00   7.0422641e-01
   5.1625813e+00   8.0815173e-01
   5.1675838e+00   6.5112333e-01
   5.1725863e+00   6.8650249e-01
   5.1775888e+00   7.0265770e-01
   5.1825913e+00   7.6905078e-01
   5.1875938e+00   7.4877747e-01
   5.1925963e+00   5.9332376e-01
   5.1975988e+00   6.2169402e-01
   5.2026013e+00   7.4997252e-01
   5.2076038e+00   7.5239927e-01
   5.2126063e+00   7.6076169e-01
   5.2176088e+00   7.2023720e-01
   5.2226113e+00   8.4560120e-01
   5.2276138e+00   7.8462563e-01
   5.2326163e+00   5.4949167e-01
   5.2376188e+00   5.2085762e-01
   5.2426213e+00   6.4837532e-01
   5.2476238e+00   7.9743242e-01
   5.2526263e+00   7.5006960e-01
   5.2576288e+00   7.1636978e-01
   5.2626313e+00   7.9256873e-01
   5.2676338e+00   8.7025975e-01
   5.2726363e+00   7.2879272e-01
   5.2776388e+00   9.8522999e-01
   5.2826413e+00   7.6317737e-01
   5.2876438e+00   7.8533150e-01
   5.2926463e+00   6.6802488e-01
   5.2976488e+00   7.5079846e-01
   5.3026513e+00   7.8684675e-01
   5.3076538e+00   6.7766339e-01
   5.3126563e+00   7.2921372e-01
   5.3176588e+00   8.1482258e-01
   5.3226613e+00   7.3687034e-01
   5.3276638e+00   8.0569386e-01
   5.3326663e+00   7.7999565e-01
   5.3376688e+00   7.1814681e-01
   5.3426713e+00   7.9724135e-01
   5.3476738e+00   6.7355901e-01
   5.3526763e+00   6.7137851e-01
   5.3576788e+00   6.3350511e-01
   5.3626813e+00   6.9650467e-01
   5.3676838e+00   7.7226372e-01
   5.3726863e+00   6.8110724e-01
   5.3776888e+00   6.7476822e-01
   5.3826913e+00   7.5335698e-01
   5.3876938e+00   6.9173450e-01
   5.3926963e+00   6.6732232e-01
   5.3976988e+00   6.6699393e-01
   5.4027014e+00   6.2897569e-01
   5.4077039e+00   7.7906528e-01
   5.4127064e+00   5.4172286e-01
   5.4177089e+00   7.2587754e-01
   5.4227114e+00   7.3485322e-01
   5.4277139e+00   7.9290086e-01
   5.4327164e+00   7.5460658e-01
   5.4377189e+00   7.5029703e-01
   5.4427214e+00   8.3784440e-01
   5.4477239e+00   5.8814602e-01
   5.4527264e+00   6.4497358e-01
   5.4577289e+00   6.3317549e-01
   5.4627314e+00   6.7418211e-01
   5.4677339e+00   6.1364163e-01
   5.4727364e+00   7.9937976e-01
   5.4777389e+00   7.1461136e-01
   5.4827414e+00   7.0958982e-01
   5.4877439e+00   7.3310992e-01
   5.4927464e+00   6.5267169e-01
   5.4977489e+00   5.5751841e-01
   5.5027514e+00   6.8012883e-01
   5.5077539e+00   6.9228840e-01
   5.5127564e+00   6.6325830e-01
   5.5177589e+00   9.1621215e-01
   5.5227614e+00   6.9097818e-01
   5.5277639e+00   6.5085600e-01
   5.5327664e+00   8.3286227e-01
   5.5377689e+00   6.8084281e-01
   5.5427714e+00   7.6074344e-01
   5.5477739e+00   6.9326530e-01
   5.5527764e+00   6.0448842e-01
   5.5577789e+00   7.9797600e-01
   5.5627814e+00   6.5530163e-01
   5.5677839e+00   7.0006062e-01
   5.5727864e+00   5.3040277e-01
   5.5777889e+00   8.0382947e-01
   5.5827914e+00   7.0805317e-01
   5.5877939e+00   8.0595161e-01
   5.5927964e+00   6.4245608e-01
   5.5977989e+00   6.7131304e-01
   5.6028014e+00   5.4174672e-01
   5.6078039e+00   6.4365753e-01
   5.6128064e+00   5.7255210e-01
   5.6178089e+00   6.1921901e-01
   5.6228114e+00   5.7212582e-01
   5.6278139e+00   6.3719369e-01
   5.6328164e+00   7.1135407e-01
   5.6378189e+00   7.0023161e-01
   5.6428214e+00   5.4052888e-01
   5.6478239e+00   6.4785908e-01
   5.6528264e+00   3.3396010e-01
   5.6578289e+00   5.9035718e-01
   5.6628314e+00   6.3998232e-01
   5.6678339e+00   6.1270478e-01
   5.6728364e+00   7.5713709e-01
   5.6778389e+00   7.0630004e-01
   5.6828414e+00   6.9201965e-01
   5.6878439e+00   5.5592447e-01
   5.6928464e+00   4.9514789e-01
   5.6978489e+00   5.9945789e-01
   5.7028514e+00   6.0238446e-01
   5.7078539e+00   5.5342561e-01
   5.7128564e+00   6.6608941e-01
   5.7178589e+00   5.5816944e-01
   5.7228614e+00   6.1818894e-01
   5.7278639e+00   7.6858151e-01
   5.7328664e+00   5.5390002e-01
   5.7378689e+00   5.7406315e-01
   5.7428714e+00   4.7475194e-01
   5.7478739e+00   5.7565710e-01
   5.7528764e+00   5.3969781e-01
   5.7578789e+00   5.8589857e-01
   5.7628814e+00   5.8041885e-01
   5.7678839e+00   4.6534940e-01
   5.7728864e+00   5.0821909e-01
   5.7778889e+00   5.6436542e-01
   5.7828914e+00   4.0313084e-01
   5.7878939e+00   5.2518225e-01
   5.7928964e+00   4.8183498e-01
   5.7978989e+00   4.9152346e-01
   5.8029015e+00   4.9263500e-01
   5.8079040e+00   3.6684401e-01
   5.8129065e+00   4.5771790e-01
   5.8179090e+00   5.6761769e-01
   5.8229115e+00   3.3616624e-01
   5.8279140e+00   5.4097704e-01
   5.8329165e+00   6.2301582e-01
   5.8379190e+00   4.4065713e-01
   5.8429215e+00   5.2341722e-01
   5.8479240e+00   2.9850333e-01
   5.8529265e+00   5.3941976e-01
   5.8579290e+00   3.3545258e-01
   5.8629315e+00   4.7718490e-01
   5.8679340e+00   4.1810418e-01
   5.8729365e+00   4.2358427e-01
   5.8779390e+00   5.6137092e-01
   5.8829415e+00   5.7468072e-01
   5.8879440e+00   4.7283371e-01
   5.8929465e+00   4.1498971e-01
   5.8979490e+00   3.9971008e-01
   5.9029515e+00   4.2935339e-01
   5.9079540e+00   2.5733932e-01
   5.9129565e+00   3.8262281e-01
   5.9179590e+00   5.7518214e-01
   5.9229615e+00   2.9529314e-01
   5.9279640e+00   5.1235687e-01
   5.9329665e+00   4.9613518e-01
   5.9379690e+00   4.1419108e-01
   5.9429715e+00   3.6254313e-01
   5.9479740e+00   4.2245373e-01
   5.9529765e+00   5.5820353e-01
   5.9579790e+00   3.5822785e-01
   5.9629815e+00   5.1711584e-01
   5.9679840e+00   4.0387922e-01
   5.9729865e+00   3.5773347e-01
   5.9779890e+00   4.8180140e-01
   5.9829915e+00   2.9536254e-01
   5.9879940e+00   3.4602287e-01
   5.9929965e+00   3.5977269e-01
   5.9979990e+00   3.4857635e-01
   6.0030015e+00   4.4345344e-01
   6.0080040e+00   3.8073950e-01
   6.0130065e+00   3.1154122e-01
   6.0180090e+00   2.4142804e-01
   6.0230115e+00   2.6295145e-01
   6.0280140e+00   3.9126953e-01
   6.0330165e+00   4.0930589e-01
   6.0380190e+00   4.3772924e-01
   6.0430215e+00   2.6367975e-01
   6.0480240e+00   2.3922519e-01
   6.0530265e+00   4.0206156e-01
   6.0580290e+00   2.5381533e-01
   6.0630315e+00   3.9104336e-01
   6.0680340e+00   4.4570635e-02
   6.0730365e+00   3.0268138e-01
   6.0780390e+00   3.2750427e-01
   6.0830415e+00   2.7388591e-01
   6.0880440e+00   1.8130774e-01
   6.0930465e+00   2.5161995e-01
   6.0980490e+00   3.0522311e-01
   6.1030515e+00   2.3820587e-01
   6.1080540e+00   3.2071083e-01
   6.1130565e+00   3.1263321e-01
   6.1180590e+00   2.8377479e-01
   6.1230615e+00   2.4130397e-01
   6.1280640e+00   1.9231084e-01
   6.1330665e+00   1.8968511e-01
   6.1380690e+00   3.9107670e-01
   6.1430715e+00   1.2365736e-01
   6.1480740e+00   1.5466509e-01
   6.1530765e+00   1.9047380e-01
   6.1580790e+00   3.1695996e-01
   6.1630815e+00   1.8000362e-01
   6.1680840e+00   1.3771000e-01
   6.1730865e+00   1.3509295e-01
   6.1780890e+00   2.7248763e-01
   6.1830915e+00   2.8312137e-01
   6.1880940e+00   1.7346056e-01
   6.1930965e+00   2.8363776e-01
   6.1980990e+00   1.9519956e-01
   6.2031016e+00   2.7368054e-01
   6.2081041e+00   1.4217443e-01
   6.2131066e+00   3.6160207e-01
   6.2181091e+00   2.3702547e-01
   6.2231116e+00   1.8423185e-01
   6.2281141e+00   2.0248665e-01
   6.2331166e+00   1.0489694e-01
   6.2381191e+00   7.7565818e-02
   6.2431216e+00   5.4734905e-02
   6.2481241e+00  -6.0962643e-02
   6.2531266e+00   1.8608847e-01
   6.2581291e+00   3.2321909e-01
   6.2631316e+00   9.3521042e-02
   6.2681341e+00   1.5894203e-01
   6.2731366e+00   9.0058774e-02
   6.2781391e+00   1.2284543e-01
   6.2831416e+00   1.9993836e-01
   6.2881441e+00   2.0218410e-01
   6.2931466e+00   2.6255921e-01
   6.2981491e+00   1.8209944e-02
   6.3031516e+00   1.8400022e-01
   6.3081541e+00   2.3695382e-01
   6.3131566e+00   1.0127356e-01
   6.3181591e+00   2.1325492e-01
   6.3231616e+00   7.7382358e-02
   6.3281641e+00   2.0096080e-01
   6.3331666e+00   7.6904527e-02
   6.3381691e+00   4.2406352e-02
   6.3431716e+00   1.6134864e-01
   6.3481741e+00   2.7206244e-01
   6.3531766e+00   1.4177381e-01
   6.3581791e+00   2.7498115e-01
   6.3631816e+00   2.9350857e-01
   6.3681841e+00   1.0988665e-01
   6.3731866e+00   1.4276682e-01
   6.3781891e+00   2.9180835e-01
   6.3831916e+00   6.8605882e-02
   6.3881941e+00   1.5176184e-01
   6.3931966e+00   1.1917396e-01
   6.3981991e+00   1.1371605e-01
   6.4032016e+00  -1.2976577e-02
   6.4082041e+00   1.0597617e-01
   6.4132066e+00   1.0875826e-01
   6.4182091e+00   6.8570065e-02
   6.4232116e+00   1.8473076e-01
   6.4282141e+00  -7.2089991e-02
   6.4332166e+00   4.9974892e-02
   6.4382191e+00   1.4441810e-01
   6.4432216e+00   2.0972249e-01
   6.4482241e+00   1.0195986e-01
   6.4532266e+00   1.4166520e-01
   6.4582291e+00   9.9727785e-02
   6.4632316e+00   9.7040058e-02
   6.4682341e+00   1.2257333e-01
   6.4732366e+00  -2.6444149e-02
   6.4782391e+00   4.4556832e-02
   6.4832416e+00   7.1137437e-02
   6.4882441e+00   2.3655233e-03
   6.4932466e+00   1.4393274e-01
   6.4982491e+00   7.7973170e-02
   6.5032516e+00  -2.1264531e-02
   6.5082541e+00  -2.5044147e-02
   6.5132566e+00  -4.4583848e-02
   6.5182591e+00  -1.0587526e-02
   6.5232616e+00   2.3137731e-02
   6.5282641e+00   4.8442841e-02
   6.5332666e+00   3.1994333e-02
   6.5382691e+00  -1.2411657e-02
   6.5432716e+00   1.6920332e-01
   6.5482741e+00   7.2291466e-02
   6.5532766e+00   1.5056042e-01
   6.5582791e+00   9.6683467e-03
   6.5632816e+00  -8.8980362e-03
   6.5682841e+00   5.2586430e-02
   6.5732866e+00   2.5023309e-02
   6.5782891e+00   7.3499445e-02
   6.5832916e+00   1.6522210e-01
   6.5882941e+00   2.7708400e-02
   6.5932966e+00   1.1238545e-01
   6.5982991e+00  -1.8025207e-02
   6.6033017e+00  -4.6004041e-02
   6.6083042e+00   8.9464893e-02
   6.6133067e+00  -6.9180918e-02
   6.6183092e+00   8.4944603e-02
   6.6233117e+00   7.3301885e-02
   6.6283142e+00  -5.1687776e-02
   6.6333167e+00   1.5955031e-01
   6.6383192e+00   6.9514503e-02
   6.6433217e+00  -5.0348813e-02
   6.6483242e+00  -1.1925180e-01
   6.6533267e+00  -1.1347564e-03
   6.6583292e+00   1.7308484e-02
   6.6633317e+00   4.1756505e-02
   6.6683342e+00   5.8517747e-02
   6.6733367e+00   1.7287911e-01
   6.6783392e+00  -2.7037240e-02
   6.6833417e+00   5.3362771e-02
   6.6883442e+00   3.2382092e-02
   6.6933467e+00   3.9974228e-02
   6.6983492e+00  -7.5340434e-02
   6.7033517e+00   1.1037294e-01
   6.7083542e+00  -5.9214669e-02
   6.7133567e+00  -6.4908714e-02
   6.7183592e+00  -1.0755182e-01
   6.7233617e+00   1.3969683e-01
   6.7283642e+00   7.1740681e-02
   6.7333667e+00   2.0787134e-02
   6.7383692e+00   3.1707768e-02
   6.7433717e+00   6.7043135e-02
   6.7483742e+00  -5.2018243e-02
   6.7533767e+00  -2.3303226e-02
   6.7583792e+00  -9.5238828e-03
   6.7633817e+00   1.0959014e-01
   6.7683842e+00  -6.8032201e-03
   6.7733867e+00   6.3395441e-03
   6.7783892e+00   8.1624047e-02
   6.7833917e+00  -8.3119425e-03
   6.7883942e+00   9.2369734e-02
   6.7933967e+00   4.9841833e-02
   6.7983992e+00   5.0871026e-02
   6.8034017e+00  -2.0261620e-02
   6.8084042e+00   1.4483243e-01
   6.8134067e+00   8.3993381e-02
   6.8184092e+00  -7.2416924e-03
   6.8234117e+00   1.4509931e-01
   6.8284142e+00  -1.0424070e-01
   6.8334167e+00  -7.1344722e-02
   6.8384192e+00  -9.9908290e-02
   6.8434217e+00  -1.5502794e-01
   6.8484242e+00   9.1264675e-02
   6.8534267e+00  -2.3172524e-02
   6.8584292e+00  -8.9439548e-02
   6.8634317e+00   7.7687139e-03
   6.8684342e+00  -4.7343518e-02
   6.8734367e+00   7.6720840e-02
   6.8784392e+00   8.4290234e-02
   6.8834417e+00   1.0626735e-01
   6.8884442e+00   1.8880602e-01
   6.8934467e+00   1.3703218e-01
   6.8984492e+00   7.5898992e-02
   6.9034517e+00   8.1058777e-03
   6.9084542e+00  -1.0232955e-01
   6.9134567e+00  -2.6237222e-02
   6.9184592e+00  -1.1451958e-01
   6.9234617e+00  -7.1940296e-03
   6.9284642e+00   1.1701272e-02
   6.9334667e+00   6.8876811e-02
   6.9384692e+00   3.4983077e-02
   6.9434717e+00  -6.7394045e-02
   6.9484742e+00   7.0841580e-02
   6.9534767e+00  -1.4642545e-01
   6.9584792e+00  -3.6757298e-02
   6.9634817e+00   6.1228343e-02
   6.9684842e+00   8.2807988e-02
   6.9734867e+00  -1.1670810e-01
   6.9784892e+00  -2.1755932e-02
   6.9834917e+00  -7.5808930e-02
   6.9884942e+00   7.8278345e-02
   6.9934967e+00   1.3925440e-01
   6.9984992e+00  -4.5620478e-02
   7.0035018e+00  -6.7096393e-02
   7.0085043e+00  -4.6782117e-02
   7.0135068e+00   1.3819457e-01
   7.0185093e+00  -3.6418706e-02
   7.0235118e+00   1.0479950e-03
   7.0285143e+00  -1.0688507e-01
   7.0335168e+00   6.8206885e-02
   7.0385193e+00   1.0557556e-01
   7.0435218e+00   1.7103714e-02
   7.0485243e+00  -1.3672690e-01
   7.0535268e+00  -9.9800108e-02
   7.0585293e+00  -5.4471015e-02
   7.0635318e+00   2.7419386e-02
   7.0685343e+00  -9.7783491e-02
   7.0735368e+00  -4.5130218e-02
   7.0785393e+00  -5.7810409e-02
   7.0835418e+00  -5.7170091e-03
   7.0885443e+00  -7.9639550e-02
   7.0935468e+00   1.1817844e-01
   7.0985493e+00  -5.6448152e-02
   7.1035518e+00   4.6215454e-02
   7.1085543e+00   7.1500250e-02
   7.1135568e+00   1.9955009e-02
   7.1185593e+00   1.8495186e-01
   7.1235618e+00  -5.3192132e-02
   7.1285643e+00  -3.6641406e-02
   7.1335668e+00   4.9811748e-02
   7.1385693e+00   1.7283586e-01
   7.1435718e+00   3.0515643e-02
   7.1485743e+00  -1.9893433e-01
   7.1535768e+00   9.0100177e-02
   7.1585793e+00   5.9449972e-03
   7.1635818e+00   6.9366058e-02
   7.1685843e+00   9.9837188e-02
   7.1735868e+00  -1.0256288e-01
   7.1785893e+00  -2.7071257e-02
   7.1835918e+00   6.8547263e-03
   7.1885943e+00  -3.1130491e-02
   7.1935968e+00   5.2031899e-02
   7.1985993e+00   8.1460201e-02
   7.2036018e+00   4.5509076e-02
   7.2086043e+00   1.1610345e-02
   7.2136068e+00  -6.1381148e-02
   7.2186093e+00  -6.3722738e-02
   7.2236118e+00  -4.7567685e-02
   7.2286143e+00   6.4785039e-02
   7.2336168e+00   4.6927623e-02
   7.2386193e+00   1.6261391e-02
   7.2436218e+00  -1.0656804e-01
   7.2486243e+00  -6.6297298e-03
   7.2536268e+00   4.1175576e-02
   7.2586293e+00  -8.7539550e-02
   7.2636318e+00   1.0904754e-01
   7.2686343e+00   1.7179335e-02
   7.2736368e+00  -1.2401158e-01
   7.2786393e+00   1.6326817e-02
   7.2836418e+00  -1.2687645e-01
   7.2886443e+00  -1.5696844e-02
   7.2936468e+00   7.5601157e-02
   7.2986493e+00  -5.4373207e-02
   7.3036518e+00  -9.7209289e-02
   7.3086543e+00  -8.4472219e-02
   7.3136568e+00   1.7750971e-02
   7.3186593e+00  -1.1781782e-01
   7.3236618e+00   2.5080187e-01
   7.3286643e+00  -5.8219384e-02
   7.3336668e+00   5.3822926e-03
   7.3386693e+00  -1.0794740e-01
   7.3436718e+00   3.5586280e-02
   7.3486743e+00  -6.2227523e-02
   7.3536768e+00   1.0105886e-01
   7.3586793e+00  -6.1614188e-03
   7.3636818e+00  -1.1510833e-03
   7.3686843e+00   8.4053506e-02
   7.3736868e+00  -8.0125389e-03
   7.3786893e+00   6.4134354e-02
   7.3836918e+00  -1.0041069e-01
   7.3886943e+00   9.3016059e-03
   7.3936968e+00   7.9253487e-02
   7.3986993e+00   2.5971405e-02
   7.4037019e+00   1.6356815e-02
   7.4087044e+00   2.5560215e-02
   7.4137069e+00   1.9860217e-01
   7.4187094e+00  -8.3419485e-02
   7.4237119e+00   5.8484723e-02
   7.4287144e+00  -2.1396798e-02
   7.4337169e+00   3.0829848e-02
   7.4387194e+00  -7.7086334e-02
   7.4437219e+00   1.2902679e-02
   7.4487244e+00   3.6840417e-02
   7.4537269e+00  -6.7581802e-02
   7.4587294e+00  -1.7626391e-02
   7.4637319e+00   1.3825108e-01
   7.4687344e+00   1.2505737e-01
   7.4737369e+00  -5.1612726e-02
   7.4787394e+00  -1.1047824e-02
   7.4837419e+00   9.0566314e-02
   7.4887444e+00  -1.2208110e-02
   7.4937469e+00  -1.2519048e-01
   7.4987494e+00   2.7594385e-02
   7.5037519e+00   2.4051354e-02
   7.5087544e+00   4.9225960e-02
   7.5137569e+00  -8.1856206e-02
   7.5187594e+00  -4.4765274e-02
   7.5237619e+00  -6.6586411e-03
   7.5287644e+00   3.0075961e-02
   7.5337669e+00  -1.2095361e-01
   7.5387694e+00   6.4295413e-02
   7.5437719e+00   1.2282334e-02
   7.5487744e+00   1.1580370e-01
   7.5537769e+00   2.9385469e-01
   7.5587794e+00  -9.9724317e-03
   7.5637819e+00  -6.5420742e-02
   7.5687844e+00  -8.1435073e-02
   7.5737869e+00  -3.1266996e-02
   7.5787894e+00   1.2426236e-01
   7.5837919e+00  -8.2383461e-02
   7.5887944e+00   2.1875121e-01
   7.5937969e+00  -8.2953521e-02
   7.5987994e+00   2.7818856e-02
   7.6038019e+00  -1.3715055e-01
   7.6088044e+00  -1.0860166e-01
   7.6138069e+00   1.7258232e-02
   7.6188094e+00  -6.7699710e-02
   7.6238119e+00   1.1916357e-01
   7.6288144e+00  -4.9752403e-02
   7.6338169e+00   7.4287374e-02
   7.6388194e+00  -4.7883258e-02
   7.6438219e+00  -2.9081064e-01
   7.6488244e+00   9.0747150e-02
   7.6538269e+00   3.4899237e-02
   7.6588294e+00  -1.0384909e-02
   7.6638319e+00  -1.7281284e-02
   7.6688344e+00   8.6664477e-02
   7.6738369e+00  -1.2150370e-01
   7.6788394e+00  -1.4588730e-02
   7.6838419e+00   8.1274006e-02
   7.6888444e+00  -6.6222162e-02
   7.6938469e+00   1.3774651e-02
   7.6988494e+00  -2.0541431e-02
   7.7038519e+00   4.1353600e-02
   7.7088544e+00  -1.1048922e-01
   7.7138569e+00   6.6559068e-02
   7.7188594e+00  -1.3363070e-01
   7.7238619e+00   6.4226976e-02
   7.7288644e+00   4.9040469e-03
   7.7338669e+00   2.0223447e-02
   7.7388694e+00  -1.2222776e-01
   7.7438719e+00   2.6058733e-02
   7.7488744e+00  -2.0993306e-03
   7.7538769e+00  -1.5978678e-02
   7.7588794e+00  -1.0583498e-01
   7.7638819e+00   1.3301417e-01
   7.7688844e+00   9.0255690e-02
   7.7738869e+00   8.2107194e-02
   7.7788894e+00   7.7957756e-02
   7.7838919e+00  -1.3956493e-01
   7.7888944e+00  -7.3029278e-02
   7.7938969e+00   9.1414119e-02
   7.7988994e+00   1.6762095e-01
   7.8039020e+00   3.1637099e-02
   7.8089045e+00  -4.3625442e-05
   7.8139070e+00   6.4240955e-02
   7.8189095e+00  -5.1994554e-02
   7.8239120e+00  -2.6719950e-02
   7.8289145e+00  -1.0370303e-01
   7.8339170e+00   1.3407185e-02
   7.8389195e+00  -2.1466767e-02
   7.8439220e+00   9.3922638e-02
   7.8489245e+00   1.0986096e-01
   7.8539270e+00  -5.6899281e-02
   7.8589295e+00  -7.1208349e-02
   7.8639320e+00   6.1786753e-03
   7.8689345e+00   1.6331333e-02
   7.8739370e+00  -7.2926508e-02
   7.8789395e+00  -5.2153695e-02
   7.8839420e+00   9.7293766e-03
   7.8889445e+00  -9.5366417e-03
   7.8939470e+00   1.7605000e-02
   7.8989495e+00  -1.8154381e-01
   7.9039520e+00  -4.2726761e-03
   7.9089545e+00  -3.8501477e-02
   7.9139570e+00  -3.3129938e-02
   7.9189595e+00  -2.4327285e-03
   7.9239620e+00  -1.1719183e-02
   7.9289645e+00   2.8348696e-02
   7.9339670e+00   4.6008406e-02
   7.9389695e+00  -2.8627437e-02
   7.9439720e+00  -3.1849153e-02
   7.9489745e+00  -1.2561932e-01
   7.9539770e+00   2.0245506e-02
   7.9589795e+00  -9.4591058e-02
   7.9639820e+00  -5.4233417e-02
   7.9689845e+00  -1.7579669e-02
   7.9739870e+00  -9.3089342e-02
   7.9789895e+00   8.3782003e-02
   7.9839920e+00   8.1683300e-03
   7.9889945e+00   4.7644260e-02
   7.9939970e+00   8.4863774e-03
   7.9989995e+00   2.5250295e-02
   8.0040020e+00  -2.7205626e-02
   8.0090045e+00  -3.7151064e-02
   8.0140070e+00   1.2305686e-01
   8.0190095e+00   9.6284787e-02
   8.0240120e+00   3.6327871e-02
   8.0290145e+00  -1.3589536e-02
   8.0340170e+00  -6.5956576e-02
   8.0390195e+00  -1.2962001e-01
   8.0440220e+00   9.8450450e-02
   8.0490245e+00  -1.0940213e-02
   8.0540270e+00   6.6689153e-02
   8.0590295e+00   1.1809230e-01
   8.0640320e+00  -1.1650859e-01
   8.0690345e+00  -6.1959119e-02
   8.0740370e+00  -2.3137667e-02
   8.0790395e+00  -5.5914033e-02
   8.0840420e+00  -9.6378320e-02
   8.0890445e+00   5.9236762e-03
   8.0940470e+00  -3.9733257e-02
   8.0990495e+00  -5.0499830e-02
   8.1040520e+00   1.7778306e-03
   8.1090545e+00   2.2623576e-02
   8.1140570e+00  -7.1695774e-02
   8.1190595e+00  -1.1602079e-02
   8.1240620e+00  -7.1515171e-02
   8.1290645e+00  -1.9280309e-02
   8.1340670e+00   3.4064137e-02
   8.1390695e+00  -9.8083798e-03
   8.1440720e+00  -4.1756470e-02
   8.1490745e+00  -1.3832864e-01
   8.1540770e+00   5.5096926e-03
   8.1590795e+00  -3.5321659e-02
   8.1640820e+00   1.5992879e-02
   8.1690845e+00   7.6670753e-02
   8.1740870e+00   2.1853888e-02
   8.1790895e+00  -8.1443335e-02
   8.1840920e+00  -7.4105961e-02
   8.1890945e+00   1.7123473e-02
   8.1940970e+00  -6.1996635e-02
   8.1990995e+00   4.1198543e-03
   8.2041021e+00  -7.7566746e-02
   8.2091046e+00   3.8068297e-02
   8.2141071e+00  -3.8930530e-02
   8.2191096e+00  -3.8886347e-02
   8.2241121e+00  -1.7055410e-01
   8.2291146e+00  -3.4523112e-02
   8.2341171e+00   9.3116248e-03
   8.2391196e+00  -8.1766405e-03
   8.2441221e+00   1.9280333e-02
   8.2491246e+00   1.6618428e-01
   8.2541271e+00  -1.4372666e-01
   8.2591296e+00  -5.0414999e-02
   8.2641321e+00   1.4768087e-01
   8.2691346e+00   5.7306578e-02
   8.2741371e+00   8.3180364e-02
   8.2791396e+00   3.0115944e-02
   8.2841421e+00   6.1203029e-02
   8.2891446e+00  -2.5938317e-02
   8.2941471e+00   7.6616601e-02
   8.2991496e+00  -1.3394232e-01
   8.3041521e+00   3.2984926e-02
   8.3091546e+00   8.8180218e-02
   8.3141571e+00   4.4782880e-02
   8.3191596e+00   2.0303550e-02
   8.3241621e+00   7.0710828e-02
   8.3291646e+00  -4.0991106e-03
   8.3341671e+00  -2.6876677e-02
   8.3391696e+00   8.8532535e-02
   8.3441721e+00  -1.7684540e-01
   8.3491746e+00  -2.6504117e-02
   8.3541771e+00   8.6925879e-02
   8.3591796e+00  -4.5065509e-02
   8.3641821e+00   9.5151132e-03
   8.3691846e+00   8.5492427e-02
   8.3741871e+00   7.7309076e-02
   8.3791896e+00  -7.0475983e-03
   8.3841921e+00  -2.1508140e-01
   8.3891946e+00   2.4547420e-02
   8.3941971e+00   1.5030133e-03
   8.3991996e+00  -1.2169473e-01
   8.4042021e+00   7.2614765e-02
   8.4092046e+00  -6.0097224e-02
   8.4142071e+00   1.1271431e-01
   8.4192096e+00  -6.2398432e-02
   8.4242121e+00   7.4103938e-02
   8.4292146e+00  -8.6927652e-02
   8.4342171e+00   1.0028944e-01
   8.4392196e+00  -1.4481514e-02
   8.4442221e+00   2.3488949e-03
   8.4492246e+00  -1.5156393e-01
   8.4542271e+00   3.3830162e-02
   8.4592296e+00   4.1400684e-02
   8.4642321e+00   5.1629186e-03
   8.4692346e+00   1.9659860e-02
   8.4742371e+00   8.6979996e-02
   8.4792396e+00   9.5331009e-02
   8.4842421e+00   1.6753608e-02
   8.4892446e+00   1.6787308e-01
   8.4942471e+00  -6.0505903e-02
   8.4992496e+00  -7.6273363e-03
   8.5042521e+00   1.1493323e-01
   8.5092546e+00   2.9214485e-02
   8.5142571e+00   2.8391602e-02
   8.5192596e+00  -2.9113838e-02
   8.5242621e+00  -1.0445140e-01
   8.5292646e+00   1.2281542e-01
   8.5342671e+00  -1.3220379e-01
   8.5392696e+00   5.8377657e-02
   8.5442721e+00   9.5481719e-02
   8.5492746e+00   3.4607290e-03
   8.5542771e+00  -1.5957340e-01
   8.5592796e+00  -6.8455355e-02
   8.5642821e+00   5.5322595e-02
   8.5692846e+00  -6.7021002e-02
   8.5742871e+00   9.8119030e-02
   8.5792896e+00   6.7309662e-02
   8.5842921e+00  -2.9634556e-02
   8.5892946e+00  -6.9234748e-02
   8.5942971e+00   1.8509499e-02
   8.5992996e+00   1.5474095e-03
   8.6043022e+00   3.1193533e-03
   8.6093047e+00   9.6399918e-02
   8.6143072e+00   4.0056052e-02
   8.6193097e+00   1.3083956e-01
   8.6243122e+00  -1.1529312e-01
   8.6293147e+00  -8.7668534e-02
   8.6343172e+00   8.7629044e-02
   8.6393197e+00  -1.1768528e-01
   8.6443222e+00  -6.7756235e-02
   8.6493247e+00  -7.4666823e-02
   8.6543272e+00   1.9970286e-02
   8.6593297e+00  -9.6372913e-03
   8.6643322e+00   8.9107317e-02
   8.6693347e+00   7.5398920e-02
   8.6743372e+00   4.9766543e-02
   8.6793397e+00  -7.5820864e-02
   8.6843422e+00  -5.7931368e-02
   8.6893447e+00  -2.7842027e-02
   8.6943472e+00  -8.6130521e-02
   8.6993497e+00  -1.1424166e-01
   8.7043522e+00  -8.6022464e-02
   8.7093547e+00  -7.0436531e-02
   8.7143572e+00   4.2152898e-02
   8.7193597e+00   2.7360452e-02
   8.7243622e+00  -4.8239115e-02
   8.7293647e+00  -8.2352351e-02
   8.7343672e+00  -6.6272061e-03
   8.7393697e+00  -1.8341436e-02
   8.7443722e+00  -7.4918399e-02
   8.7493747e+00  -3.4824703e-02
   8.7543772e+00   7.1809240e-02
   8.7593797e+00  -4.1927106e-02
   8.7643822e+00   1.2646910e-01
   8.7693847e+00   7.4391213e-02
   8.7743872e+00   5.3503962e-02
   8.7793897e+00   1.7115232e-02
   8.7843922e+00  -1.2377013e-01
   8.7893947e+00  -7.2680112e-02
   8.7943972e+00  -1.9825595e-04
   8.7993997e+00   7.4349506e-02
   8.8044022e+00   4.5414516e-02
   8.8094047e+00   4.2040388e-02
   8.8144072e+00  -5.0476842e-02
   8.8194097e+00  -8.5320112e-02
   8.8244122e+00   1.8651446e-02
   8.8294147e+00  -5.3901432e-02
   8.8344172e+00  -6.4965944e-02
   8.8394197e+00  -4.8940869e-02
   8.8444222e+00   9.1360640e-02
   8.8494247e+00   6.5984593e-02
   8.8544272e+00   2.8479817e-03
   8.8594297e+00  -2.7774250e-03
   8.8644322e+00   4.4893067e-02
   8.8694347e+00   1.5895352e-02
   8.8744372e+00  -7.4266329e-02
   8.8794397e+00  -6.9573317e-02
   8.8844422e+00  -2.4676852e-02
   8.8894447e+00   1.1806900e-01
   8.8944472e+00  -3.2535119e-03
   8.8994497e+00   3.6382131e-02
   8.9044522e+00  -2.4928059e-02
   8.9094547e+00   7.5713830e-02
   8.9144572e+00   2.7032312e-02
   8.9194597e+00   1.9082397e-02
   8.9244622e+00  -1.0593165e-01
   8.9294647e+00   4.4074904e-02
   8.9344672e+00  -4.7337165e-02
   8.9394697e+00   1.0175636e-01
   8.9444722e+00   6.1736653e-03
   8.9494747e+00   3.7042284e-03
   8.9544772e+00  -5.2802895e-02
   8.9594797e+00   4.9846141e-02
   8.9644822e+00  -6.3965984e-02
   8.9694847e+00   1.1892964e-01
   8.9744872e+00   1.1820292e-01
   8.9794897e+00   1.6350571e-01
   8.9844922e+00  -8.3674042e-02
   8.9894947e+00  -4.6965468e-03
   8.9944972e+00  -1.0346614e-01
   8.9994997e+00   6.4534513e-02
   9.0045023e+00  -3.5131838e-02
   9.0095048e+00  -3.5641553e-02
   9.0145073e+00  -5.4458314e-03
   9.0195098e+00   4.8688103e-02
   9.0245123e+00  -4.5829395e-02
   9.0295148e+00  -9.3271191e-02
   9.0345173e+00   1.1170476e-01
   9.0395198e+00   1.7472123e-01
   9.0445223e+00   8.2645968e-02
   9.0495248e+00  -2.2806423e-02
   9.0545273e+00  -4.1288477e-02
   9.0595298e+00  -8.4209053e-03
   9.0645323e+00  -1.3064604e-01
   9.0695348e+00   4.3422037e-02
   9.0745373e+00  -1.3411213e-01
   9.0795398e+00   1.4203656e-02
   9.0845423e+00   7.9531010e-02
   9.0895448e+00   6.6275359e-04
   9.0945473e+00   6.1720106e-02
   9.0995498e+00  -4.0305185e-02
   9.1045523e+00   8.2978562e-02
   9.1095548e+00   7.4273601e-02
   9.1145573e+00   1.2764916e-01
   9.1195598e+00  -4.7317258e-02
   9.1245623e+00  -6.0710369e-02
   9.1295648e+00   9.1687989e-04
   9.1345673e+00   1.3140938e-02
   9.1395698e+00  -1.6602694e-01
   9.1445723e+00  -8.0443242e-02
   9.1495748e+00   1.0582160e-01
   9.1545773e+00  -6.4835079e-03
   9.1595798e+00   1.9796006e-02
   9.1645823e+00   2.8896436e-02
   9.1695848e+00   1.3173896e-02
   9.1745873e+00   1.7839608e-01
   9.1795898e+00  -2.7835763e-02
   9.1845923e+00   9.5434352e-02
   9.1895948e+00  -1.0519136e-01
   9.1945973e+00   1.1403328e-01
   9.1995998e+00  -1.2393650e-01
   9.2046023e+00  -5.4542881e-02
   9.2096048e+00   1.0066073e-01
   9.2146073e+00  -1.3374481e-02
   9.2196098e+00   7.7316452e-02
   9.2246123e+00  -5.9669389e-02
   9.2296148e+00   8.7452910e-02
   9.2346173e+00   1.2224587e-02
   9.2396198e+00  -2.9252741e-02
   9.2446223e+00   6.6365643e-02
   9.2496248e+00  -4.3573056e-02
   9.2546273e+00   1.5750512e-02
   9.2596298e+00  -4.9876929e-02
   9.2646323e+00   2.2492685e-02
   9.2696348e+00   2.0264915e-02
   9.2746373e+00   3.6235199e-02
   9.2796398e+00  -4.5348021e-02
   9.2846423e+00  -6.2120027e-02
   9.2896448e+00   8.7379931e-03
   9.2946473e+00   1.3661377e-02
   9.2996498e+00  -2.9694469e-02
   9.3046523e+00  -6.6540147e-03
   9.3096548e+00   4.7424878e-02
   9.3146573e+00   3.1564200e-02
   9.3196598e+00   8.0236983e-02
   9.3246623e+00   1.0365284e-01
   9.3296648e+00  -5.0854953e-02
   9.3346673e+00  -1.3518190e-01
   9.3396698e+00  -1.2131800e-01
   9.3446723e+00  -6.1905989e-02
   9.3496748e+00   3.3310445e-02
   9.3546773e+00  -1.0128515e-01
   9.3596798e+00   4.3982677e-02
   9.3646823e+00  -5.0409179e-02
   9.3696848e+00   1.0384827e-01
   9.3746873e+00  -7.7861468e-02
   9.3796898e+00   6.3896599e-02
   9.3846923e+00  -4.2979440e-02
   9.3896948e+00   3.7229662e-02
   9.3946973e+00  -5.0096769e-02
   9.3996998e+00   5.9016517e-02
   9.4047024e+00  -4.9432558e-02
   9.4097049e+00   8.9592489e-02
   9.4147074e+00   1.2166712e-01
   9.4197099e+00  -1.2619019e-01
   9.4247124e+00   3.8304924e-02
   9.4297149e+00   4.2738107e-02
   9.4347174e+00  -2.2086390e-02
   9.4397199e+00  -1.1930543e-01
   9.4447224e+00   7.4855157e-02
   9.4497249e+00  -1.7555972e-01
   9.4547274e+00  -1.3396068e-02
   9.4597299e+00   1.2675987e-01
   9.4647324e+00   2.5895413e-02
   9.4697349e+00  -2.7728772e-03
   9.4747374e+00  -4.2721166e-02
   9.4797399e+00  -6.7678701e-02
   9.4847424e+00   1.2840741e-02
   9.4897449e+00   9.6781681e-02
   9.4947474e+00   2.0961819e-01
   9.4997499e+00  -2.1132509e-02
   9.5047524e+00   5.8720523e-02
   9.5097549e+00  -1.0151921e-02
   9.5147574e+00   4.0249116e-02
   9.5197599e+00   7.0961142e-02
   9.5247624e+00  -1.1466738e-01
   9.5297649e+00   4.6048952e-02
   9.5347674e+00  -4.8323869e-02
   9.5397699e+00   3.5074548e-02
   9.5447724e+00   4.9529210e-02
   9.5497749e+00  -1.2971613e-01
   9.5547774e+00  -7.4122877e-02
   9.5597799e+00  -7.2927932e-02
   9.5647824e+00   2.0387645e-02
   9.5697849e+00   1.3176522e-02
   9.5747874e+00   4.9599666e-02
   9.5797899e+00   4.4492890e-02
   9.5847924e+00   1.1875845e-01
   9.5897949e+00  -4.1665302e-03
   9.5947974e+00   3.1133641e-03
   9.5997999e+00  -1.2411745e-02
   9.6048024e+00   2.5648442e-02
   9.6098049e+00  -8.3166223e-02
   9.6148074e+00  -5.4529986e-02
   9.6198099e+00   3.4054654e-02
   9.6248124e+00  -8.4270152e-03
   9.6298149e+00  -1.0546006e-01
   9.6348174e+00   1.0767647e-01
   9.6398199e+00  -4.3491147e-03
   9.6448224e+00  -4.2367592e-02
   9.6498249e+00  -6.9044619e-02
   9.6548274e+00   6.8391461e-03
   9.6598299e+00  -8.6019035e-03
   9.6648324e+00   1.1156805e-03
   9.6698349e+00   1.9342882e-03
   9.6748374e+00  -4.5297776e-02
   9.6798399e+00  -7.7728789e-02
   9.6848424e+00  -4.6806964e-02
   9.6898449e+00  -1.0853507e-01
   9.6948474e+00  -1.4220115e-01
   9.6998499e+00  -1.8247890e-02
   9.7048524e+00  -8.4667236e-02
   9.7098549e+00   1.3132444e-01
   9.7148574e+00  -1.9434117e-01
   9.7198599e+00   1.1874855e-01
   9.7248624e+00   8.4070364e-02
   9.7298649e+00  -8.6368638e-03
   9.7348674e+00  -7.4653925e-02
   9.7398699e+00  -1.3674093e-01
   9.7448724e+00   5.2668899e-02
   9.7498749e+00  -2.1251788e-02
   9.7548774e+00  -3.2787988e-02
   9.7598799e+00   1.1062900e-01
   9.7648824e+00   1.0138149e-01
   9.7698849e+00   4.0877654e-02
   9.7748874e+00  -1.7000203e-01
   9.7798899e+00   3.9400325e-02
   9.7848924e+00   6.7501277e-02
   9.7898949e+00  -8.8554050e-02
   9.7948974e+00  -1.0029765e-01
   9.7998999e+00   2.0621549e-02
   9.8049025e+00  -1.4969728e-01
   9.8099050e+00   8.5339210e-03
   9.8149075e+00  -8.5423900e-02
   9.8199100e+00   6.5498360e-02
   9.8249125e+00  -1.0163912e-01
   9.8299150e+00   7.1271741e-02
   9.8349175e+00  -8.9918682e-02
   9.8399200e+00   6.8008166e-02
   9.8449225e+00  -1.0410767e-01
   9.8499250e+00  -1.3498794e-01
   9.8549275e+00  -7.8215278e-03
   9.8599300e+00   1.2201610e-02
   9.8649325e+00   8.7532288e-02
   9.8699350e+00   3.8978303e-02
   9.8749375e+00  -2.5914526e-02
   9.8799400e+00  -6.3573987e-02
   9.8849425e+00   3.2142871e-02
   9.8899450e+00  -1.4541328e-01
   9.8949475e+00  -8.4333600e-02
   9.8999500e+00   1.7651403e-02
   9.9049525e+00  -2.1546553e-02
   9.9099550e+00   7.3605998e-02
   9.9149575e+00   9.8802253e-02
   9.9199600e+00  -4.5311552e-03
   9.9249625e+00   1.4137328e-01
   9.9299650e+00  -9.8556198e-02
   9.9349675e+00  -1.2033614e-01
   9.9399700e+00   1.2620442e-01
   9.9449725e+00  -1.3746002e-01
   9.9499750e+00  -8.4015825e-02
   9.9549775e+00  -6.1279177e-02
   9.9599800e+00   1.9781949e-02
   9.9649825e+00   7.8591144e-03
   9.9699850e+00   1.4220520e-01
   9.9749875e+00  -4.7664743e-02
   9.9799900e+00   4.3870185e-02
   9.9849925e+00   1.8621435e-02
   9.9899950e+00   1.8762278e-02
   9.9949975e+00   8.0783605e-02
   1.0000000e+01  -2.2175165e-02
