   0.0000000e+00   5.9199326e-02
   3.3344448e-03   8.9374106e-02
   6.6688896e-03  -1.5623339e-01
   1.0003334e-02   2.8880034e-02
   1.3337779e-02   4.4716799e-02
   1.6672224e-02   1.0306077e-01
   2.0006669e-02   3.6628973e-02
   2.3341114e-02  -5.8202105e-02
   2.6675559e-02  -1.4018901e-02
   3.0010003e-02   4.3205778e-02
   3.3344448e-02  -1.5189956e-02
   3.6678893e-02   6.2485250e-02
   4.0013338e-02   1.0765910e-01
   4.3347783e-02   1.7928968e-01
   4.6682227e-02   1.1327358e-01
   5.0016672e-02   4.5455000e-02
   5.3351117e-02  -9.0543232e-02
   5.6685562e-02   1.9791279e-01
   6.0020007e-02   5.8144153e-02
   6.3354451e-02   2.3595391e-01
   6.6688896e-02   2.8411185e-01
   7.0023341e-02  -7.5928208e-02
   7.3357786e-02   1.3560590e-01
   7.6692231e-02   1.3497338e-01
   8.0026676e-02  -4.1664880e-02
   8.3361120e-02   2.6571661e-02
   8.6695565e-02   5.2644841e-02
   9.0030010e-02  -5.4906635e-02
   9.3364455e-02   8.5390209e-02
   9.6698900e-02  -6.4032877e-02
   1.0003334e-01  -4.5544373e-02
   1.0336779e-01   3.5489653e-02
   1.0670223e-01   1.0873946e-01
   1.1003668e-01   5.2709482e-02
   1.1337112e-01  -1.0071314e-01
   1.1670557e-01  -2.8601625e-02
   1.2004001e-01   7.4118642e-02
   1.2337446e-01   5.6066959e-02
   1.2670890e-01  -8.9169569e-02
   1.3004335e-01   1.4635578e-01
   1.3337779e-01  -5.2968021e-02
   1.3671224e-01  -1.0847350e-02
   1.4004668e-01   2.2899196e-02
   1.4338113e-01   2.8852504e-01
   1.4671557e-01   3.5549695e-02
   1.5005002e-01   5.0295940e-02
   1.5338446e-01  -1.4083431e-02
   1.5671891e-01   8.3919188e-02
   1.6005335e-01  -1.2204635e-02
   1.6338780e-01   9.5173256e-02
   1.6672224e-01   1.4307253e-02
   1.7005669e-01  -5.0577431e-02
   1.7339113e-01  -5.2500325e-02
   1.7672558e-01   1.2759075e-01
   1.8006002e-01   1.5280950e-02
   1.8339446e-01   1.3445584e-01
   1.8672891e-01   1.7203146e-01
   1.9006335e-01   3.5665899e-02
   1.9339780e-01   2.8419923e-02
   1.9673224e-01   7.3347301e-02
   2.0006669e-01   9.2975414e-03
   2.0340113e-01  -1.6134783e-02
   2.0673558e-01   6.4309142e-02
   2.1007002e-01  -1.5871548e-01
   2.1340447e-01  -8.1968356e-02
   2.1673891e-01   8.3200718e-02
   2.2007336e-01   5.7077882e-02
   2.2340780e-01   1.7275203e-01
   2.2674225e-01   7.3167765e-02
   2.3007669e-01   3.9119597e-02
   2.3341114e-01   1.4672262e-01
   2.3674558e-01  -7.0783491e-03
   2.4008003e-01   5.4657391e-02
   2.4341447e-01   7.9212601e-02
   2.4674892e-01  -6.5091710e-02
   2.5008336e-01   1.3381331e-01
   2.5341781e-01   2.3176690e-02
   2.5675225e-01  -7.2240222e-03
   2.6008670e-01   2.4401575e-02
   2.6342114e-01   1.1828006e-01
   2.6675559e-01   1.0009208e-01
   2.7009003e-01   7.2103380e-02
   2.7342447e-01   3.0680123e-02
   2.7675892e-01  -6.8095400e-02
   2.8009336e-01   6.5086515e-02
   2.8342781e-01  -4.7564042e-02
   2.8676225e-01   1.4790275e-01
   2.9009670e-01   3.9058761e-02
   2.9343114e-01   7.7795523e-02
   2.9676559e-01   8.8264955e-02
   3.0010003e-01  -1.4849778e-02
   3.0343448e-01   8.5682486e-02
   3.0676892e-01   3.3639040e-02
   3.1010337e-01  -4.5156383e-02
   3.1343781e-01  -5.3548813e-02
   3.1677226e-01   3.2087526e-02
   3.2010670e-01  -1.0410114e-01
   3.2344115e-01   2.1012132e-02
   3.2677559e-01   2.5987443e-02
   3.3011004e-01   8.9927404e-02
   3.3344448e-01   1.7146994e-02
   3.3677893e-01   1.7514057e-02
   3.4011337e-01   1.6087627e-02
   3.4344782e-01   9.7811412e-02
   3.4678226e-01   1.6133565e-01
   3.5011671e-01   8.7909622e-02
   3.5345115e-01   1.1096753e-01
   3.5678560e-01   9.6838168e-02
   3.6012004e-01  -1.3772972e-02
   3.6345448e-01   7.3889057e-02
   3.6678893e-01   1.0565918e-01
   3.7012337e-01   9.7415198e-02
   3.7345782e-01   1.3081024e-01
   3.7679226e-01   1.0330045e-01
   3.8012671e-01   1.1172438e-01
   3.8346115e-01  -3.6290930e-03
   3.8679560e-01  -3.3385834e-02
   3.9013004e-01   9.0403491e-02
   3.9346449e-01   3.1409822e-02
   3.9679893e-01   8.6558139e-02
   4.0013338e-01   1.1878841e-01
   4.0346782e-01   5.1122270e-02
   4.0680227e-01   6.2750480e-02
   4.1013671e-01  -6.0702044e-02
   4.1347116e-01   1.2002323e-01
   4.1680560e-01  -3.4375842e-02
   4.2014005e-01   2.9283011e-03
   4.2347449e-01   1.5775789e-01
   4.2680894e-01   6.3674344e-02
   4.3014338e-01  -9.4124539e-02
   4.3347783e-01   1.5610867e-01
   4.3681227e-01   4.6512149e-02
   4.4014672e-01   2.0455005e-02
   4.4348116e-01   9.2355703e-02
   4.4681561e-01   3.5215516e-02
   4.5015005e-01   1.3855287e-01
   4.5348449e-01   6.2697554e-02
   4.5681894e-01   8.7063649e-02
   4.6015338e-01  -8.1106698e-02
   4.6348783e-01   4.2344986e-02
   4.6682227e-01  -4.6675569e-02
   4.7015672e-01   7.2910312e-04
   4.7349116e-01   2.2797485e-02
   4.7682561e-01  -6.9976397e-02
   4.8016005e-01  -9.8080242e-03
   4.8349450e-01   1.5797008e-01
   4.8682894e-01   9.4107898e-02
   4.9016339e-01   1.1855437e-01
   4.9349783e-01   8.0347832e-02
   4.9683228e-01  -4.9268206e-03
   5.0016672e-01   7.3680591e-02
   5.0350117e-01   1.9263284e-01
   5.0683561e-01  -1.1972678e-01
   5.1017006e-01   1.5670933e-02
   5.1350450e-01  -4.7534137e-02
   5.1683895e-01   5.4405791e-02
   5.2017339e-01   1.0857154e-02
   5.2350784e-01   1.5837707e-01
   5.2684228e-01  -3.0735612e-03
   5.3017673e-01   9.1419378e-02
   5.3351117e-01   2.9375838e-02
   5.3684562e-01   2.9891935e-03
   5.4018006e-01   8.0656724e-02
   5.4351450e-01  -2.0344587e-03
   5.4684895e-01   1.0351983e-01
   5.5018339e-01   7.7849989e-02
   5.5351784e-01   5.3813315e-02
   5.5685228e-01   7.3247810e-02
   5.6018673e-01   1.5147157e-01
   5.6352117e-01  -1.3960897e-02
   5.6685562e-01  -7.4283567e-02
   5.7019006e-01  -2.5412838e-04
   5.7352451e-01  -3.4292337e-02
   5.7685895e-01   6.8947362e-02
   5.8019340e-01   2.3050769e-01
   5.8352784e-01  -3.5013886e-02
   5.8686229e-01   5.9244716e-02
   5.9019673e-01   1.4831555e-02
   5.9353118e-01   2.5378869e-02
   5.9686562e-01   1.1601918e-01
   6.0020007e-01   1.2498121e-01
   6.0353451e-01   1.3853391e-01
   6.0686896e-01   6.2326465e-03
   6.1020340e-01   1.1613600e-01
   6.1353785e-01  -6.4257668e-02
   6.1687229e-01  -6.8130616e-02
   6.2020674e-01   1.3509057e-01
   6.2354118e-01   7.0485230e-02
   6.2687563e-01   9.5185554e-02
   6.3021007e-01   5.8665828e-02
   6.3354451e-01  -2.5048261e-02
   6.3687896e-01  -3.0183909e-02
   6.4021340e-01  -1.0587554e-02
   6.4354785e-01   1.7258594e-01
   6.4688229e-01   1.3693454e-01
   6.5021674e-01   3.1309246e-02
   6.5355118e-01   1.5610798e-01
   6.5688563e-01  -1.0518605e-02
   6.6022007e-01  -6.2947336e-02
   6.6355452e-01  -3.6182571e-02
   6.6688896e-01   9.7240294e-02
   6.7022341e-01  -7.5125897e-03
   6.7355785e-01   4.5109459e-02
   6.7689230e-01   7.4801543e-02
   6.8022674e-01   4.5440082e-02
   6.8356119e-01   1.6633960e-01
   6.8689563e-01   4.3247302e-02
   6.9023008e-01   1.6886986e-01
   6.9356452e-01   1.4511395e-01
   6.9689897e-01   9.1625463e-02
   7.0023341e-01   1.7857653e-01
   7.0356786e-01   2.1766868e-01
   7.0690230e-01  -7.3058258e-02
   7.1023675e-01   9.1707260e-02
   7.1357119e-01  -3.0145283e-02
   7.1690564e-01  -8.4553654e-02
   7.2024008e-01   2.0805583e-01
   7.2357452e-01   6.3725133e-02
   7.2690897e-01   6.4129779e-02
   7.3024341e-01   1.9618095e-01
   7.3357786e-01   1.0475390e-01
   7.3691230e-01   9.9017166e-02
   7.4024675e-01   3.4035256e-02
   7.4358119e-01   1.4903737e-01
   7.4691564e-01   5.4310621e-02
   7.5025008e-01   2.5516399e-02
   7.5358453e-01  -3.0835199e-02
   7.5691897e-01   7.2043398e-02
   7.6025342e-01   1.5764098e-01
   7.6358786e-01  -5.0680180e-02
   7.6692231e-01   8.8498870e-02
   7.7025675e-01   3.6677059e-02
   7.7359120e-01  -4.8974122e-02
   7.7692564e-01   1.3316333e-01
   7.8026009e-01   4.7272365e-02
   7.8359453e-01   5.0465294e-02
   7.8692898e-01   9.4570113e-02
   7.9026342e-01   2.9803217e-02
   7.9359787e-01  -5.2385327e-02
   7.9693231e-01  -2.9198941e-02
   8.0026676e-01   1.2114593e-01
   8.0360120e-01   4.8617787e-02
   8.0693565e-01   1.1605953e-01
   8.1027009e-01   7.0342300e-02
   8.1360453e-01   2.0584857e-01
   8.1693898e-01  -7.2248510e-02
   8.2027342e-01   7.3769682e-02
   8.2360787e-01  -6.6182965e-02
   8.2694231e-01   1.6619323e-01
   8.3027676e-01   7.9293695e-02
   8.3361120e-01  -2.4419693e-02
   8.3694565e-01   1.0271474e-01
   8.4028009e-01   5.0307654e-02
   8.4361454e-01  -5.8956649e-02
   8.4694898e-01   9.5990276e-02
   8.5028343e-01   5.2892876e-02
   8.5361787e-01  -6.6808685e-02
   8.5695232e-01  -1.1717896e-01
   8.6028676e-01  -2.7245038e-02
   8.6362121e-01   1.1437106e-01
   8.6695565e-01  -3.3111892e-02
   8.7029010e-01   1.3426126e-01
   8.7362454e-01   1.7717042e-03
   8.7695899e-01   1.3088974e-01
   8.8029343e-01   2.4367440e-02
   8.8362788e-01   1.7660501e-01
   8.8696232e-01   1.5881586e-01
   8.9029677e-01  -1.1970127e-01
   8.9363121e-01   6.6850438e-02
   8.9696566e-01   9.2797800e-02
   9.0030010e-01  -2.5444482e-02
   9.0363454e-01   5.2078584e-02
   9.0696899e-01   1.4661893e-01
   9.1030343e-01   1.5404670e-02
   9.1363788e-01   1.9386543e-01
   9.1697232e-01   3.5014367e-02
   9.2030677e-01   1.2102176e-01
   9.2364121e-01  -1.2928251e-01
   9.2697566e-01   5.0006547e-02
   9.3031010e-01   8.2415946e-02
   9.3364455e-01  -2.9744029e-02
   9.3697899e-01   4.7318915e-02
   9.4031344e-01   1.4650635e-01
   9.4364788e-01   3.3249722e-02
   9.4698233e-01   4.5060613e-02
   9.5031677e-01   1.2910936e-01
   9.5365122e-01  -4.8359137e-03
   9.5698566e-01   5.3384182e-02
   9.6032011e-01   7.3604110e-02
   9.6365455e-01   8.5938094e-02
   9.6698900e-01   5.9827323e-02
   9.7032344e-01   7.4614950e-02
   9.7365789e-01   1.1169031e-02
   9.7699233e-01   3.7335059e-02
   9.8032678e-01   4.3018289e-03
   9.8366122e-01   1.9324639e-01
   9.8699567e-01   1.1866967e-01
   9.9033011e-01   3.1250955e-02
   9.9366455e-01  -3.6324466e-04
   9.9699900e-01   5.1781997e-02
   1.0003334e+00   2.3344538e-01
   1.0036679e+00   3.5113851e-02
   1.0070023e+00   9.6764373e-02
   1.0103368e+00   1.9208728e-02
   1.0136712e+00   7.8541754e-02
   1.0170057e+00   2.0065882e-02
   1.0203401e+00  -3.4358543e-02
   1.0236746e+00   5.7563130e-02
   1.0270090e+00   2.9216154e-02
   1.0303434e+00   9.8064503e-02
   1.0336779e+00   1.7474302e-01
   1.0370123e+00   5.6584291e-02
   1.0403468e+00  -6.2562835e-02
   1.0436812e+00  -1.0172451e-01
   1.0470157e+00   8.0872770e-02
   1.0503501e+00   8.7653867e-02
   1.0536846e+00   1.0816350e-01
   1.0570190e+00   9.9203944e-02
   1.0603535e+00  -2.4562542e-02
   1.0636879e+00   3.3893518e-02
   1.0670223e+00   6.1536525e-03
   1.0703568e+00   4.1392206e-02
   1.0736912e+00  -1.0012707e-01
   1.0770257e+00   1.6526167e-01
   1.0803601e+00  -1.1036352e-02
   1.0836946e+00  -2.8231527e-02
   1.0870290e+00  -5.5401673e-02
   1.0903635e+00   3.7345380e-02
   1.0936979e+00   3.5481210e-02
   1.0970323e+00   1.2180203e-01
   1.1003668e+00  -8.2159175e-02
   1.1037012e+00   1.5203575e-01
   1.1070357e+00  -2.8826001e-02
   1.1103701e+00   5.6831336e-02
   1.1137046e+00  -2.9604517e-02
   1.1170390e+00  -1.9551381e-02
   1.1203735e+00   1.3259285e-01
   1.1237079e+00  -7.7778226e-02
   1.1270423e+00  -3.9558018e-02
   1.1303768e+00   2.4136669e-01
   1.1337112e+00   5.9228202e-02
   1.1370457e+00  -1.1068955e-01
   1.1403801e+00   1.4927488e-01
   1.1437146e+00   2.3813380e-02
   1.1470490e+00   2.5345086e-03
   1.1503835e+00   1.0435753e-02
   1.1537179e+00  -5.9576038e-04
   1.1570524e+00   1.5647468e-01
   1.1603868e+00   1.2661884e-01
   1.1637212e+00   4.3604962e-02
   1.1670557e+00   1.3976813e-01
   1.1703901e+00   6.0605320e-02
   1.1737246e+00  -2.0448290e-02
   1.1770590e+00   1.4342187e-01
   1.1803935e+00  -1.0304012e-02
   1.1837279e+00   1.7400160e-02
   1.1870624e+00   3.9314610e-02
   1.1903968e+00   1.2694063e-01
   1.1937312e+00  -3.7220068e-02
   1.1970657e+00  -1.1209627e-01
   1.2004001e+00   7.9927980e-02
   1.2037346e+00   2.8408719e-02
   1.2070690e+00   1.1994510e-01
   1.2104035e+00   1.4740341e-01
   1.2137379e+00  -3.1485335e-02
   1.2170724e+00   4.3911198e-02
   1.2204068e+00   1.3718288e-01
   1.2237412e+00  -4.3952290e-02
   1.2270757e+00  -3.5371586e-02
   1.2304101e+00   1.1930107e-01
   1.2337446e+00   1.6565211e-01
   1.2370790e+00   7.8870579e-02
   1.2404135e+00   1.1650027e-01
   1.2437479e+00   7.3374877e-02
   1.2470824e+00   9.4315675e-02
   1.2504168e+00   6.9963961e-02
   1.2537513e+00  -1.2812020e-01
   1.2570857e+00   1.3189854e-01
   1.2604201e+00   1.2163135e-01
   1.2637546e+00   1.4782355e-01
   1.2670890e+00   1.2994817e-01
   1.2704235e+00   9.2102448e-02
   1.2737579e+00  -4.3096864e-02
   1.2770924e+00  -1.0466742e-01
   1.2804268e+00  -3.0557939e-02
   1.2837613e+00   1.4475065e-01
   1.2870957e+00   9.2635247e-02
   1.2904301e+00   2.0023315e-02
   1.2937646e+00   1.1960657e-01
   1.2970990e+00  -7.9893940e-02
   1.3004335e+00   4.5547125e-02
   1.3037679e+00   3.9152895e-02
   1.3071024e+00   3.8803578e-02
   1.3104368e+00  -8.9853396e-02
   1.3137713e+00   6.1000268e-02
   1.3171057e+00   5.3735695e-02
   1.3204401e+00   8.0733644e-02
   1.3237746e+00   4.0418394e-02
   1.3271090e+00   1.2233485e-01
   1.3304435e+00   6.8658159e-02
   1.3337779e+00   5.0983565e-03
   1.3371124e+00   5.7991138e-02
   1.3404468e+00   1.9903460e-01
   1.3437813e+00   1.2446368e-01
   1.3471157e+00   1.6423568e-01
   1.3504502e+00   1.8920786e-01
   1.3537846e+00   1.1987876e-01
   1.3571190e+00   1.7248936e-01
   1.3604535e+00   1.1183251e-01
   1.3637879e+00  -1.1226670e-01
   1.3671224e+00  -2.0723785e-02
   1.3704568e+00   1.0481178e-01
   1.3737913e+00   2.8828324e-02
   1.3771257e+00   1.2397206e-01
   1.3804602e+00   1.3179995e-01
   1.3837946e+00   5.8379214e-02
   1.3871290e+00  -4.7148761e-02
   1.3904635e+00   2.1864856e-01
   1.3937979e+00   1.5559159e-01
   1.3971324e+00   5.2884058e-02
   1.4004668e+00   1.8474565e-01
   1.4038013e+00   3.8422603e-02
   1.4071357e+00   5.6369663e-02
   1.4104702e+00  -7.8720438e-02
   1.4138046e+00  -4.2124855e-03
   1.4171390e+00  -6.8038961e-03
   1.4204735e+00   2.4927343e-02
   1.4238079e+00  -1.0518649e-02
   1.4271424e+00   9.7535449e-03
   1.4304768e+00  -6.1312867e-02
   1.4338113e+00  -3.6921177e-04
   1.4371457e+00   4.8020831e-03
   1.4404802e+00  -1.0706144e-01
   1.4438146e+00   1.2784753e-01
   1.4471490e+00   1.1236950e-02
   1.4504835e+00   7.7758660e-02
   1.4538179e+00   9.4945415e-02
   1.4571524e+00  -4.3178162e-02
   1.4604868e+00   4.2232891e-02
   1.4638213e+00   8.6704699e-02
   1.4671557e+00   1.6991149e-01
   1.4704902e+00  -3.7806441e-02
   1.4738246e+00   8.6654493e-02
   1.4771591e+00   9.0268929e-02
   1.4804935e+00   1.6477501e-01
   1.4838279e+00   1.0556591e-01
   1.4871624e+00   5.7767581e-02
   1.4904968e+00   1.2703669e-01
   1.4938313e+00   4.7842062e-02
   1.4971657e+00   1.0399696e-01
   1.5005002e+00  -4.2660345e-02
   1.5038346e+00   3.4711049e-02
   1.5071691e+00   1.2278411e-01
   1.5105035e+00   1.7324487e-01
   1.5138379e+00   9.2306256e-02
   1.5171724e+00   4.3973897e-02
   1.5205068e+00   6.9932529e-02
   1.5238413e+00   1.0678071e-01
   1.5271757e+00   5.9109746e-02
   1.5305102e+00   1.0019400e-01
   1.5338446e+00   1.6117448e-02
   1.5371791e+00   5.5910483e-02
   1.5405135e+00   3.7398962e-02
   1.5438479e+00   1.7039529e-01
   1.5471824e+00   1.4819700e-01
   1.5505168e+00   4.3380160e-02
   1.5538513e+00  -3.3425045e-02
   1.5571857e+00   1.1645717e-01
   1.5605202e+00   3.0303940e-02
   1.5638546e+00   5.0850799e-02
   1.5671891e+00   1.3542163e-01
   1.5705235e+00   7.7075912e-02
   1.5738580e+00   7.8890838e-02
   1.5771924e+00   1.1130724e-01
   1.5805268e+00   1.5982368e-01
   1.5838613e+00   1.4503446e-01
   1.5871957e+00   7.1633752e-02
   1.5905302e+00   2.1480098e-01
   1.5938646e+00  -6.1029322e-03
   1.5971991e+00   3.7963554e-02
   1.6005335e+00   1.1507874e-01
   1.6038680e+00   1.0097304e-01
   1.6072024e+00   1.3298371e-02
   1.6105368e+00   2.2721214e-02
   1.6138713e+00   8.9017199e-02
   1.6172057e+00   9.5407711e-02
   1.6205402e+00  -5.0565039e-02
   1.6238746e+00  -2.2280306e-03
   1.6272091e+00   1.5436319e-01
   1.6305435e+00   5.2177877e-03
   1.6338780e+00   1.4542540e-01
   1.6372124e+00   1.2435558e-01
   1.6405468e+00   1.3528455e-01
   1.6438813e+00   7.3895657e-02
   1.6472157e+00   1.8459738e-01
   1.6505502e+00  -2.2624557e-02
   1.6538846e+00   7.3147013e-02
   1.6572191e+00   1.0921038e-01
   1.6605535e+00   1.4747335e-01
   1.6638880e+00   1.2042731e-01
   1.6672224e+00  -3.6468602e-02
   1.6705569e+00   7.0592369e-02
   1.6738913e+00   4.2715595e-02
   1.6772257e+00  -5.8617521e-02
   1.6805602e+00   5.7124377e-03
   1.6838946e+00   1.4465553e-01
   1.6872291e+00   2.0548425e-03
   1.6905635e+00   8.9733603e-02
   1.6938980e+00   2.9216991e-01
   1.6972324e+00   2.6098035e-02
   1.7005669e+00  -5.4870090e-02
   1.7039013e+00   1.2562353e-01
   1.7072357e+00  -8.8952801e-02
   1.7105702e+00   1.2734937e-01
   1.7139046e+00   1.6113476e-01
   1.7172391e+00  -1.2978065e-02
   1.7205735e+00  -1.4813860e-02
   1.7239080e+00   1.2649309e-01
   1.7272424e+00   7.0828535e-02
   1.7305769e+00   1.5122530e-01
   1.7339113e+00   7.3977309e-02
   1.7372457e+00  -5.8057787e-02
   1.7405802e+00  -3.0578726e-02
   1.7439146e+00   6.7930456e-02
   1.7472491e+00   7.0079975e-02
   1.7505835e+00   2.4606068e-02
   1.7539180e+00   1.7472706e-01
   1.7572524e+00   2.0934994e-01
   1.7605869e+00   5.8971569e-02
   1.7639213e+00  -9.5102728e-03
   1.7672558e+00   1.5623272e-03
   1.7705902e+00   7.7339619e-02
   1.7739246e+00   2.0392978e-01
   1.7772591e+00   1.2542894e-01
   1.7805935e+00   1.7716423e-01
   1.7839280e+00  -2.3411675e-02
   1.7872624e+00   9.3798038e-02
   1.7905969e+00   7.8020216e-02
   1.7939313e+00   1.5268655e-01
   1.7972658e+00   1.4469205e-01
   1.8006002e+00   1.7888177e-01
   1.8039346e+00   4.2709234e-02
   1.8072691e+00   2.3432965e-01
   1.8106035e+00   1.0884610e-01
   1.8139380e+00   7.2840690e-02
   1.8172724e+00   2.0918521e-01
   1.8206069e+00   2.9827474e-02
   1.8239413e+00   1.8834585e-01
   1.8272758e+00   1.0883277e-02
   1.8306102e+00   1.4377849e-01
   1.8339446e+00   1.1012910e-01
   1.8372791e+00   1.8719350e-02
   1.8406135e+00  -5.0752166e-02
   1.8439480e+00   1.1599221e-01
   1.8472824e+00   2.1671538e-01
   1.8506169e+00   1.4878693e-01
   1.8539513e+00   1.6851350e-01
   1.8572858e+00   1.4307366e-01
   1.8606202e+00   1.3350554e-01
   1.8639547e+00   1.0549257e-01
   1.8672891e+00  -1.0691272e-02
   1.8706235e+00   9.3422742e-02
   1.8739580e+00  -1.0697356e-01
   1.8772924e+00   8.9904709e-02
   1.8806269e+00   1.1895355e-01
   1.8839613e+00   2.5450300e-01
   1.8872958e+00  -3.6235669e-02
   1.8906302e+00   1.1773568e-01
   1.8939647e+00  -9.3493691e-03
   1.8972991e+00  -1.2906603e-02
   1.9006335e+00   1.9549258e-01
   1.9039680e+00   1.4173161e-01
   1.9073024e+00   1.2603896e-01
   1.9106369e+00   2.9359566e-02
   1.9139713e+00   8.9294986e-02
   1.9173058e+00   7.0392817e-02
   1.9206402e+00   1.7841722e-01
   1.9239747e+00   1.3714682e-01
   1.9273091e+00   5.9369705e-02
   1.9306435e+00   1.1358546e-01
   1.9339780e+00   5.4304282e-02
   1.9373124e+00   1.1305923e-01
   1.9406469e+00   2.6084455e-02
   1.9439813e+00   1.3893036e-01
   1.9473158e+00   4.7341327e-02
   1.9506502e+00   1.2236572e-01
   1.9539847e+00   7.3695925e-02
   1.9573191e+00  -2.5833648e-02
   1.9606536e+00   5.1330863e-02
   1.9639880e+00   2.9787637e-01
   1.9673224e+00   3.9070520e-02
   1.9706569e+00   1.5656494e-01
   1.9739913e+00  -2.0260338e-02
   1.9773258e+00   4.4149894e-02
   1.9806602e+00   5.8828965e-02
   1.9839947e+00  -4.8785987e-02
   1.9873291e+00   2.8627149e-02
   1.9906636e+00   9.3718456e-02
   1.9939980e+00  -2.9098722e-03
   1.9973324e+00   1.5756892e-01
   2.0006669e+00   8.2788088e-02
   2.0040013e+00   1.1839416e-01
   2.0073358e+00   5.1222247e-02
   2.0106702e+00   2.3201496e-01
   2.0140047e+00   1.9398245e-01
   2.0173391e+00   1.8150054e-02
   2.0206736e+00   1.4790973e-02
   2.0240080e+00  -6.1633866e-03
   2.0273424e+00   2.0991808e-01
   2.0306769e+00   1.1465314e-01
   2.0340113e+00   4.3136056e-02
   2.0373458e+00   6.5869748e-02
   2.0406802e+00   1.3180748e-01
   2.0440147e+00   1.0688478e-01
   2.0473491e+00  -1.7866913e-02
   2.0506836e+00   7.6496641e-02
   2.0540180e+00   1.5050861e-01
   2.0573525e+00   1.4262079e-01
   2.0606869e+00   2.2781981e-02
   2.0640213e+00   7.1361756e-03
   2.0673558e+00   3.1631546e-02
   2.0706902e+00   8.3048496e-02
   2.0740247e+00   8.4061980e-02
   2.0773591e+00   7.1880820e-02
   2.0806936e+00   4.7536333e-02
   2.0840280e+00  -1.2031211e-01
   2.0873625e+00   2.8331211e-02
   2.0906969e+00   1.1892450e-01
   2.0940313e+00   6.2248300e-02
   2.0973658e+00   6.0919732e-02
   2.1007002e+00   5.2546618e-02
   2.1040347e+00   1.6608291e-01
   2.1073691e+00   2.0727801e-02
   2.1107036e+00   2.9644554e-02
   2.1140380e+00   3.5326547e-02
   2.1173725e+00   1.6066409e-01
   2.1207069e+00   1.8586640e-01
   2.1240413e+00   7.2256847e-02
   2.1273758e+00   6.8844171e-02
   2.1307102e+00   2.3765778e-01
   2.1340447e+00   8.9481413e-02
   2.1373791e+00   2.4514715e-01
   2.1407136e+00   1.8922750e-01
   2.1440480e+00   1.3907108e-01
   2.1473825e+00   1.6849394e-01
   2.1507169e+00   1.3999479e-01
   2.1540514e+00   2.1973235e-01
   2.1573858e+00   1.6146042e-01
   2.1607202e+00   1.1020838e-01
   2.1640547e+00   9.7885916e-02
   2.1673891e+00   5.4575518e-02
   2.1707236e+00   9.8442645e-02
   2.1740580e+00   9.6821244e-02
   2.1773925e+00   1.3108539e-01
   2.1807269e+00   1.8465665e-02
   2.1840614e+00  -7.6370074e-02
   2.1873958e+00   3.2725213e-01
   2.1907302e+00   6.3652773e-02
   2.1940647e+00   2.1766334e-01
   2.1973991e+00   1.4153646e-01
   2.2007336e+00   1.1178170e-01
   2.2040680e+00   2.0199899e-01
   2.2074025e+00   1.3113413e-01
   2.2107369e+00   9.4255664e-02
   2.2140714e+00  -4.8504091e-02
   2.2174058e+00   8.2944992e-02
   2.2207402e+00  -3.4249885e-02
   2.2240747e+00   1.2736249e-01
   2.2274091e+00   2.2105354e-01
   2.2307436e+00   1.8649996e-01
   2.2340780e+00   1.7877666e-01
   2.2374125e+00   5.5102742e-02
   2.2407469e+00   8.4411966e-02
   2.2440814e+00   2.9049761e-03
   2.2474158e+00   8.4713062e-02
   2.2507503e+00   1.4881765e-01
   2.2540847e+00  -6.5129076e-02
   2.2574191e+00   9.9751128e-03
   2.2607536e+00   3.8821997e-02
   2.2640880e+00  -2.5917261e-03
   2.2674225e+00   1.6648371e-01
   2.2707569e+00   1.4505191e-01
   2.2740914e+00  -1.8973610e-02
   2.2774258e+00   2.4431913e-01
   2.2807603e+00  -7.3104152e-02
   2.2840947e+00  -8.3278133e-02
   2.2874291e+00   8.5640988e-02
   2.2907636e+00   1.2782815e-01
   2.2940980e+00   8.5470806e-02
   2.2974325e+00   8.7930196e-02
   2.3007669e+00   1.2922636e-01
   2.3041014e+00   6.6255342e-02
   2.3074358e+00   1.5736571e-01
   2.3107703e+00   2.0524986e-01
   2.3141047e+00   2.0871584e-01
   2.3174391e+00   2.5662064e-01
   2.3207736e+00   4.6767229e-02
   2.3241080e+00   1.7709615e-01
   2.3274425e+00   2.1252173e-01
   2.3307769e+00   1.2302417e-01
   2.3341114e+00   1.0739344e-01
   2.3374458e+00   1.9687595e-01
   2.3407803e+00   4.6442236e-02
   2.3441147e+00   1.8796571e-01
   2.3474491e+00   3.8223203e-01
   2.3507836e+00  -4.9525477e-03
   2.3541180e+00   1.8032590e-01
   2.3574525e+00   5.8795162e-02
   2.3607869e+00   1.0669485e-01
   2.3641214e+00   2.9445561e-01
   2.3674558e+00  -3.1213029e-02
   2.3707903e+00   1.6779629e-01
   2.3741247e+00   2.1143633e-01
   2.3774592e+00  -3.5809239e-02
   2.3807936e+00   1.1097621e-01
   2.3841280e+00   4.4919221e-02
   2.3874625e+00   1.6736013e-01
   2.3907969e+00   1.9688190e-01
   2.3941314e+00   1.7269310e-01
   2.3974658e+00   5.6650083e-02
   2.4008003e+00  -7.3534292e-03
   2.4041347e+00   6.1432485e-02
   2.4074692e+00   1.9649984e-01
   2.4108036e+00   1.5945654e-01
   2.4141380e+00   2.3712057e-01
   2.4174725e+00   9.9602689e-02
   2.4208069e+00   5.2518987e-02
   2.4241414e+00   6.9232017e-02
   2.4274758e+00   4.6970206e-02
   2.4308103e+00   1.1959129e-01
   2.4341447e+00   1.1852627e-01
   2.4374792e+00   1.7031142e-01
   2.4408136e+00   7.6831598e-02
   2.4441480e+00   1.7094571e-01
   2.4474825e+00   1.2605219e-01
   2.4508169e+00   1.1232615e-01
   2.4541514e+00   5.5244622e-02
   2.4574858e+00   1.6526228e-01
   2.4608203e+00   2.8274103e-01
   2.4641547e+00   7.4420431e-02
   2.4674892e+00   1.1992174e-01
   2.4708236e+00   6.5062285e-02
   2.4741581e+00   1.0242365e-01
   2.4774925e+00   1.0406307e-01
   2.4808269e+00   5.7917399e-02
   2.4841614e+00   4.9267898e-02
   2.4874958e+00   1.8654102e-01
   2.4908303e+00   1.5306913e-01
   2.4941647e+00   2.4987251e-01
   2.4974992e+00   8.2391799e-02
   2.5008336e+00   1.0937767e-01
   2.5041681e+00   2.8140189e-01
   2.5075025e+00   7.2296015e-02
   2.5108369e+00   1.0668764e-01
   2.5141714e+00   1.0270111e-01
   2.5175058e+00   2.8171413e-01
   2.5208403e+00   1.7713101e-01
   2.5241747e+00   1.9268546e-01
   2.5275092e+00   1.3183643e-01
   2.5308436e+00   1.8447626e-01
   2.5341781e+00   4.0237158e-02
   2.5375125e+00   2.0564777e-01
   2.5408469e+00  -2.5760359e-03
   2.5441814e+00   3.0862423e-01
   2.5475158e+00   1.6288882e-01
   2.5508503e+00   9.4296816e-02
   2.5541847e+00   2.1030427e-01
   2.5575192e+00  -5.3484553e-02
   2.5608536e+00  -2.5228742e-02
   2.5641881e+00   5.6748507e-02
   2.5675225e+00   1.0807385e-01
   2.5708570e+00   6.7944423e-02
   2.5741914e+00   3.0723382e-01
   2.5775258e+00   1.3739849e-01
   2.5808603e+00   4.7331799e-02
   2.5841947e+00   1.7844933e-01
   2.5875292e+00   5.0581058e-02
   2.5908636e+00   9.1619452e-02
   2.5941981e+00   1.2138185e-01
   2.5975325e+00   8.6485633e-02
   2.6008670e+00   9.6539865e-02
   2.6042014e+00   1.5164197e-01
   2.6075358e+00   6.5923104e-02
   2.6108703e+00   1.7292716e-01
   2.6142047e+00   8.9988133e-02
   2.6175392e+00   2.1987260e-01
   2.6208736e+00   1.6246580e-01
   2.6242081e+00  -8.6778631e-03
   2.6275425e+00   1.0411422e-01
   2.6308770e+00   7.5843838e-02
   2.6342114e+00   9.6324792e-02
   2.6375458e+00   6.0180032e-02
   2.6408803e+00   8.1014530e-02
   2.6442147e+00   3.4969213e-03
   2.6475492e+00   2.9275705e-01
   2.6508836e+00   1.9051209e-01
   2.6542181e+00   1.6309381e-01
   2.6575525e+00   1.3396977e-01
   2.6608870e+00   1.7263294e-01
   2.6642214e+00   1.3039993e-01
   2.6675559e+00   3.1968010e-02
   2.6708903e+00   1.2521889e-01
   2.6742247e+00   8.7777547e-02
   2.6775592e+00   3.8521433e-03
   2.6808936e+00   1.4266576e-01
   2.6842281e+00  -4.6616094e-03
   2.6875625e+00   1.6036080e-01
   2.6908970e+00   1.5965221e-01
   2.6942314e+00   1.5669188e-01
   2.6975659e+00   8.9689451e-02
   2.7009003e+00   1.8489633e-02
   2.7042347e+00   1.3090078e-01
   2.7075692e+00   1.2500148e-01
   2.7109036e+00   1.6001311e-01
   2.7142381e+00   2.1287945e-01
   2.7175725e+00   1.9772839e-01
   2.7209070e+00   2.1230246e-01
   2.7242414e+00   1.3864440e-01
   2.7275759e+00   2.0644962e-01
   2.7309103e+00   2.4038835e-01
   2.7342447e+00   4.2661049e-02
   2.7375792e+00   2.3705646e-01
   2.7409136e+00   1.4344396e-01
   2.7442481e+00   1.7248454e-01
   2.7475825e+00   1.4474849e-01
   2.7509170e+00   1.7771240e-01
   2.7542514e+00   3.8847451e-02
   2.7575859e+00   1.4858944e-01
   2.7609203e+00   2.5239490e-02
   2.7642548e+00   4.4678395e-02
   2.7675892e+00   2.1431192e-01
   2.7709236e+00   2.0058092e-02
   2.7742581e+00   6.7023870e-02
   2.7775925e+00  -1.2163011e-01
   2.7809270e+00   1.7729178e-01
   2.7842614e+00   1.3404296e-01
   2.7875959e+00   1.3926389e-01
   2.7909303e+00   1.5129571e-01
   2.7942648e+00   1.5820748e-01
   2.7975992e+00   1.1509351e-01
   2.8009336e+00   2.4631139e-01
   2.8042681e+00  -2.8224673e-02
   2.8076025e+00   2.0215120e-01
   2.8109370e+00   1.5869295e-01
   2.8142714e+00   2.1726918e-01
   2.8176059e+00   6.1799735e-02
   2.8209403e+00   1.5634370e-01
   2.8242748e+00  -6.2005184e-03
   2.8276092e+00   5.4982923e-02
   2.8309436e+00   4.1327919e-02
   2.8342781e+00   7.0626460e-02
   2.8376125e+00   1.9860788e-01
   2.8409470e+00   1.9621145e-01
   2.8442814e+00   1.3570689e-01
   2.8476159e+00  -3.5035340e-02
   2.8509503e+00   2.0398355e-01
   2.8542848e+00   9.1924307e-02
   2.8576192e+00   4.9398423e-02
   2.8609537e+00   1.1417137e-01
   2.8642881e+00   4.0842908e-02
   2.8676225e+00   7.5209275e-02
   2.8709570e+00   1.3877856e-01
   2.8742914e+00   2.4641709e-01
   2.8776259e+00   7.3689482e-02
   2.8809603e+00   9.0304360e-03
   2.8842948e+00  -3.5067435e-02
   2.8876292e+00  -6.1240123e-02
   2.8909637e+00   1.5201310e-01
   2.8942981e+00   3.6821113e-03
   2.8976325e+00   2.1144920e-01
   2.9009670e+00   6.7564396e-02
   2.9043014e+00   1.6089409e-01
   2.9076359e+00  -9.4739274e-02
   2.9109703e+00   1.7425842e-01
   2.9143048e+00   2.1805977e-01
   2.9176392e+00   7.3058005e-02
   2.9209737e+00   1.3313182e-03
   2.9243081e+00   1.9638240e-01
   2.9276425e+00   8.8600562e-02
   2.9309770e+00   6.8818555e-02
   2.9343114e+00   1.1050578e-01
   2.9376459e+00   6.4073497e-02
   2.9409803e+00   2.0175868e-01
   2.9443148e+00   5.9184032e-02
   2.9476492e+00   1.4011869e-01
   2.9509837e+00   7.5193011e-02
   2.9543181e+00   1.2862889e-01
   2.9576526e+00   2.0080423e-01
   2.9609870e+00   1.7581685e-01
   2.9643214e+00   5.0783252e-02
   2.9676559e+00   1.5545371e-01
   2.9709903e+00   2.5707738e-01
   2.9743248e+00   8.0930026e-02
   2.9776592e+00   1.8933297e-01
   2.9809937e+00  -9.2350211e-03
   2.9843281e+00   2.9986345e-01
   2.9876626e+00   1.9642463e-01
   2.9909970e+00   2.3419890e-01
   2.9943314e+00   2.8243923e-01
   2.9976659e+00   1.1580190e-01
   3.0010003e+00   8.4918309e-02
   3.0043348e+00   1.7998332e-01
   3.0076692e+00   1.4058626e-01
   3.0110037e+00   2.0395413e-01
   3.0143381e+00   6.1976358e-02
   3.0176726e+00   1.9798676e-02
   3.0210070e+00  -4.9032280e-02
   3.0243414e+00   1.8581471e-01
   3.0276759e+00   1.8680935e-01
   3.0310103e+00   3.1393495e-01
   3.0343448e+00   2.4711832e-01
   3.0376792e+00   8.5969816e-02
   3.0410137e+00   1.3692724e-01
   3.0443481e+00   9.8181501e-02
   3.0476826e+00   7.2545757e-02
   3.0510170e+00   8.7112603e-02
   3.0543515e+00   6.9865703e-02
   3.0576859e+00   1.5309737e-01
   3.0610203e+00  -1.0200008e-01
   3.0643548e+00   1.5823965e-01
   3.0676892e+00  -1.2274460e-02
   3.0710237e+00   1.5856335e-01
   3.0743581e+00   2.0717811e-01
   3.0776926e+00   1.6062990e-01
   3.0810270e+00   2.1835133e-01
   3.0843615e+00   1.1034480e-01
   3.0876959e+00   1.3283305e-01
   3.0910303e+00   2.5594807e-01
   3.0943648e+00   1.2045361e-01
   3.0976992e+00   1.2317075e-01
   3.1010337e+00   6.6766361e-02
   3.1043681e+00   1.4168228e-01
   3.1077026e+00   8.7019002e-02
   3.1110370e+00   2.6516600e-01
   3.1143715e+00   1.6601653e-01
   3.1177059e+00   1.4152022e-01
   3.1210403e+00   2.5392918e-02
   3.1243748e+00   1.9853394e-01
   3.1277092e+00   2.3001276e-01
   3.1310437e+00   1.5344340e-01
   3.1343781e+00   1.8251887e-01
   3.1377126e+00   4.3890369e-02
   3.1410470e+00   2.0900333e-01
   3.1443815e+00   7.3650340e-02
   3.1477159e+00   2.7612944e-01
   3.1510504e+00   2.8325677e-01
   3.1543848e+00   1.5114426e-01
   3.1577192e+00   8.4348165e-02
   3.1610537e+00   1.4429463e-01
   3.1643881e+00   2.2615764e-01
   3.1677226e+00   9.0831950e-02
   3.1710570e+00   8.6616512e-02
   3.1743915e+00   1.7422226e-01
   3.1777259e+00   1.9728228e-01
   3.1810604e+00   1.5821521e-01
   3.1843948e+00  -8.6094532e-03
   3.1877292e+00  -1.4568492e-02
   3.1910637e+00   1.1362787e-01
   3.1943981e+00   1.1148944e-01
   3.1977326e+00   1.0404075e-01
   3.2010670e+00   8.3107547e-02
   3.2044015e+00   5.4689785e-02
   3.2077359e+00   1.3609038e-01
   3.2110704e+00   2.3964901e-01
   3.2144048e+00   1.6446558e-01
   3.2177392e+00   1.4733177e-01
   3.2210737e+00   6.7728001e-02
   3.2244081e+00   7.8641146e-02
   3.2277426e+00  -4.4839782e-02
   3.2310770e+00   1.9887539e-01
   3.2344115e+00   1.0063484e-01
   3.2377459e+00   1.4237809e-01
   3.2410804e+00   2.1542943e-01
   3.2444148e+00   1.0484777e-01
   3.2477492e+00   5.0639866e-02
   3.2510837e+00   2.0648491e-01
   3.2544181e+00   1.3456830e-01
   3.2577526e+00   1.5679227e-01
   3.2610870e+00   1.5905968e-01
   3.2644215e+00   1.2791254e-01
   3.2677559e+00   3.2743137e-02
   3.2710904e+00   1.6402665e-01
   3.2744248e+00   9.5613490e-04
   3.2777593e+00   2.8064316e-01
   3.2810937e+00   2.4257257e-01
   3.2844281e+00   6.0400703e-02
   3.2877626e+00   8.1330062e-02
   3.2910970e+00   1.8978422e-01
   3.2944315e+00   2.0421327e-01
   3.2977659e+00   1.6119447e-01
   3.3011004e+00   5.4331458e-02
   3.3044348e+00   1.7282832e-01
   3.3077693e+00   1.6972222e-01
   3.3111037e+00   1.7681330e-01
   3.3144381e+00   1.9722613e-01
   3.3177726e+00   1.5427859e-01
   3.3211070e+00   9.6191732e-03
   3.3244415e+00   1.6048584e-01
   3.3277759e+00   1.0126255e-01
   3.3311104e+00   2.7231105e-01
   3.3344448e+00  -3.9470299e-02
   3.3377793e+00   1.3034167e-01
   3.3411137e+00   1.7908680e-01
   3.3444481e+00  -4.7583225e-02
   3.3477826e+00   1.1634192e-01
   3.3511170e+00   1.7713990e-01
   3.3544515e+00   9.8089786e-02
   3.3577859e+00   1.7828292e-01
   3.3611204e+00   1.5323604e-01
   3.3644548e+00   3.2422100e-01
   3.3677893e+00   4.3389744e-02
   3.3711237e+00   1.9941803e-01
   3.3744582e+00   5.3312494e-02
   3.3777926e+00   2.5250827e-01
   3.3811270e+00   6.9623631e-02
   3.3844615e+00   1.9732464e-01
   3.3877959e+00   7.8602415e-02
   3.3911304e+00   2.4094520e-01
   3.3944648e+00   1.3696123e-01
   3.3977993e+00   2.6117171e-01
   3.4011337e+00   1.1140978e-01
   3.4044682e+00   5.3942308e-02
   3.4078026e+00   1.4291942e-01
   3.4111370e+00   1.9312623e-01
   3.4144715e+00   6.2686899e-02
   3.4178059e+00  -1.0904422e-01
   3.4211404e+00   1.7301379e-01
   3.4244748e+00   2.2298557e-01
   3.4278093e+00   2.1069525e-01
   3.4311437e+00   1.9407411e-01
   3.4344782e+00   1.5335334e-01
   3.4378126e+00   2.3022702e-01
   3.4411470e+00  -2.4272812e-02
   3.4444815e+00   1.9883835e-02
   3.4478159e+00   5.1498425e-02
   3.4511504e+00   3.1519946e-02
   3.4544848e+00   1.6907816e-01
   3.4578193e+00   2.1690239e-01
   3.4611537e+00   1.4057907e-02
   3.4644882e+00   2.1674489e-01
   3.4678226e+00   3.5753442e-01
   3.4711571e+00   1.9872974e-01
   3.4744915e+00   9.9074132e-02
   3.4778259e+00   2.2494860e-01
   3.4811604e+00   2.1628848e-01
   3.4844948e+00   2.1732864e-01
   3.4878293e+00   3.8479043e-01
   3.4911637e+00   3.0964019e-01
   3.4944982e+00   3.1837155e-02
   3.4978326e+00   2.2700043e-01
   3.5011671e+00   3.0165967e-01
   3.5045015e+00   8.4505382e-02
   3.5078359e+00   1.2863054e-01
   3.5111704e+00   2.3934919e-01
   3.5145048e+00   2.0770073e-01
   3.5178393e+00   2.7567402e-01
   3.5211737e+00   3.0999475e-01
   3.5245082e+00   1.2809312e-01
   3.5278426e+00   1.8990640e-01
   3.5311771e+00   1.2943844e-01
   3.5345115e+00   1.9608940e-01
   3.5378459e+00   3.2294921e-01
   3.5411804e+00   2.7398647e-01
   3.5445148e+00   2.2895318e-01
   3.5478493e+00   9.6327964e-02
   3.5511837e+00   1.2541564e-01
   3.5545182e+00   1.3336907e-01
   3.5578526e+00   2.6087013e-01
   3.5611871e+00   1.6633893e-01
   3.5645215e+00   2.2651750e-01
   3.5678560e+00   1.2218999e-01
   3.5711904e+00   8.6838559e-02
   3.5745248e+00   2.7265514e-01
   3.5778593e+00   8.1874214e-02
   3.5811937e+00   2.0339853e-01
   3.5845282e+00   1.7520950e-01
   3.5878626e+00   2.6166600e-01
   3.5911971e+00   1.4071237e-01
   3.5945315e+00   2.7983453e-01
   3.5978660e+00   1.0126054e-02
   3.6012004e+00   1.0100883e-01
   3.6045348e+00   1.2890074e-01
   3.6078693e+00   9.4686354e-02
   3.6112037e+00   8.1203628e-02
   3.6145382e+00   1.7694156e-01
   3.6178726e+00   2.2934034e-01
   3.6212071e+00   2.5936256e-01
   3.6245415e+00   1.1073309e-02
   3.6278760e+00   2.0324783e-01
   3.6312104e+00   2.5966938e-01
   3.6345448e+00   2.7729871e-01
   3.6378793e+00   1.6256303e-01
   3.6412137e+00   1.6817365e-01
   3.6445482e+00   2.5071766e-01
   3.6478826e+00   2.8869877e-01
   3.6512171e+00  -9.6486398e-03
   3.6545515e+00   2.6229484e-01
   3.6578860e+00   2.4748870e-01
   3.6612204e+00   1.9789260e-01
   3.6645549e+00   1.0916847e-01
   3.6678893e+00   3.9289787e-01
   3.6712237e+00   1.4598113e-01
   3.6745582e+00   2.8983456e-01
   3.6778926e+00   3.5528950e-01
   3.6812271e+00   1.4908532e-01
   3.6845615e+00   3.2925625e-01
   3.6878960e+00   3.2293248e-01
   3.6912304e+00   1.5334712e-01
   3.6945649e+00   2.6616032e-01
   3.6978993e+00   4.6015517e-02
   3.7012337e+00   2.4699233e-01
   3.7045682e+00   1.5933936e-01
   3.7079026e+00   9.6340937e-02
   3.7112371e+00   1.3121198e-01
   3.7145715e+00   2.6293222e-01
   3.7179060e+00   1.3235924e-01
   3.7212404e+00   1.0552082e-01
   3.7245749e+00   1.3303740e-01
   3.7279093e+00   2.3097529e-01
   3.7312437e+00   7.0518428e-02
   3.7345782e+00   1.9790721e-01
   3.7379126e+00   1.6543650e-01
   3.7412471e+00   1.4200950e-01
   3.7445815e+00   8.4961945e-03
   3.7479160e+00   1.6126239e-01
   3.7512504e+00   1.1564394e-01
   3.7545849e+00   3.5120613e-02
   3.7579193e+00   1.7208091e-01
   3.7612538e+00  -3.7299080e-02
   3.7645882e+00   2.3627428e-01
   3.7679226e+00   1.7470259e-01
   3.7712571e+00   8.0510887e-02
   3.7745915e+00   2.3722845e-01
   3.7779260e+00   1.1147182e-01
   3.7812604e+00   1.2731001e-01
   3.7845949e+00   1.8614423e-01
   3.7879293e+00   7.9142627e-02
   3.7912638e+00   7.7964006e-02
   3.7945982e+00   7.5514625e-02
   3.7979326e+00   2.6886515e-01
   3.8012671e+00   1.1126807e-01
   3.8046015e+00   2.3894614e-01
   3.8079360e+00   2.0212102e-01
   3.8112704e+00   8.6110919e-02
   3.8146049e+00   2.3031738e-01
   3.8179393e+00   1.3995471e-01
   3.8212738e+00   2.1504297e-01
   3.8246082e+00   2.2379227e-01
   3.8279426e+00   1.7137899e-01
   3.8312771e+00   1.1492627e-01
   3.8346115e+00   3.0439501e-01
   3.8379460e+00   1.6317942e-01
   3.8412804e+00   1.5056182e-01
   3.8446149e+00   1.1519223e-01
   3.8479493e+00   1.3723568e-01
   3.8512838e+00   1.7866657e-01
   3.8546182e+00   3.2415986e-02
   3.8579527e+00   4.4893703e-02
   3.8612871e+00   1.6329482e-01
   3.8646215e+00   1.1905624e-01
   3.8679560e+00   1.9743886e-01
   3.8712904e+00  -2.5057050e-02
   3.8746249e+00   1.6828863e-01
   3.8779593e+00   1.2322963e-01
   3.8812938e+00   1.6962090e-01
   3.8846282e+00   1.8571133e-01
   3.8879627e+00   1.5338657e-01
   3.8912971e+00   2.0449517e-01
   3.8946315e+00   1.4507764e-01
   3.8979660e+00   2.2609298e-01
   3.9013004e+00   2.2297601e-01
   3.9046349e+00   2.4416614e-01
   3.9079693e+00   3.3620023e-01
   3.9113038e+00   1.5174858e-01
   3.9146382e+00   3.1889205e-01
   3.9179727e+00   1.7617845e-01
   3.9213071e+00   1.8161173e-01
   3.9246415e+00   2.5109671e-01
   3.9279760e+00   1.0032920e-01
   3.9313104e+00   5.0683016e-02
   3.9346449e+00   1.6675840e-01
   3.9379793e+00   8.9577905e-02
   3.9413138e+00   1.4517817e-01
   3.9446482e+00   3.2682635e-02
   3.9479827e+00   8.5650058e-02
   3.9513171e+00   2.0160884e-01
   3.9546516e+00   7.7839360e-02
   3.9579860e+00   2.0988298e-01
   3.9613204e+00   1.0115262e-01
   3.9646549e+00   2.1286844e-01
   3.9679893e+00   1.2770962e-01
   3.9713238e+00   1.2398719e-01
   3.9746582e+00   1.1764902e-01
   3.9779927e+00   1.8694177e-01
   3.9813271e+00   1.7212088e-01
   3.9846616e+00   1.2879755e-01
   3.9879960e+00   9.9900302e-02
   3.9913304e+00   1.5267862e-01
   3.9946649e+00   2.4885389e-01
   3.9979993e+00   1.8188079e-01
   4.0013338e+00   2.2839285e-01
   4.0046682e+00   1.6815028e-01
   4.0080027e+00   2.3565251e-01
   4.0113371e+00   1.5725673e-01
   4.0146716e+00   2.2168650e-01
   4.0180060e+00   1.4340935e-01
   4.0213404e+00   3.0381303e-01
   4.0246749e+00   1.5697330e-01
   4.0280093e+00   1.8201041e-01
   4.0313438e+00   1.0755767e-01
   4.0346782e+00   2.2062540e-01
   4.0380127e+00   2.2874532e-01
   4.0413471e+00   2.4746118e-01
   4.0446816e+00   1.2460811e-01
   4.0480160e+00   2.0096258e-01
   4.0513505e+00   1.6809186e-01
   4.0546849e+00   1.3806455e-01
   4.0580193e+00   1.1244749e-01
   4.0613538e+00   2.6084758e-01
   4.0646882e+00   5.1273572e-02
   4.0680227e+00   9.0455975e-02
   4.0713571e+00   2.1590301e-01
   4.0746916e+00   2.1544782e-01
   4.0780260e+00   2.7111119e-01
   4.0813605e+00   3.4927541e-01
   4.0846949e+00   2.0191475e-01
   4.0880293e+00   1.9306398e-01
   4.0913638e+00   1.5845887e-01
   4.0946982e+00   1.6809428e-01
   4.0980327e+00   1.2092996e-01
   4.1013671e+00   2.1313387e-01
   4.1047016e+00   1.3579219e-01
   4.1080360e+00   1.3879286e-01
   4.1113705e+00   2.1399833e-01
   4.1147049e+00   1.3637971e-01
   4.1180393e+00   2.5002751e-01
   4.1213738e+00   1.2811437e-02
   4.1247082e+00   4.8805501e-02
   4.1280427e+00   1.0993632e-01
   4.1313771e+00   2.1384945e-01
   4.1347116e+00   1.3098939e-01
   4.1380460e+00   5.7398986e-02
   4.1413805e+00   1.7971041e-02
   4.1447149e+00   1.7721932e-01
   4.1480493e+00   6.4740931e-02
   4.1513838e+00   2.2501191e-01
   4.1547182e+00   2.6973461e-01
   4.1580527e+00   1.4775232e-01
   4.1613871e+00   2.7619249e-01
   4.1647216e+00   3.0931400e-01
   4.1680560e+00   1.0925214e-01
   4.1713905e+00   1.7342106e-01
   4.1747249e+00   9.0923148e-02
   4.1780594e+00   1.6533451e-01
   4.1813938e+00   1.7440072e-01
   4.1847282e+00   4.3760453e-02
   4.1880627e+00   5.5546797e-02
   4.1913971e+00   3.6081874e-01
   4.1947316e+00   2.2888648e-01
   4.1980660e+00   6.5586863e-02
   4.2014005e+00   2.2633876e-01
   4.2047349e+00   2.0433337e-01
   4.2080694e+00   1.1131313e-01
   4.2114038e+00   1.1630180e-01
   4.2147382e+00   2.3080503e-01
   4.2180727e+00   9.2404095e-02
   4.2214071e+00   2.5446860e-01
   4.2247416e+00   3.2262958e-01
   4.2280760e+00   1.5204911e-01
   4.2314105e+00   2.4002471e-01
   4.2347449e+00   1.8748597e-01
   4.2380794e+00   1.3274151e-01
   4.2414138e+00   2.8548016e-01
   4.2447482e+00   1.8309539e-01
   4.2480827e+00   2.5574067e-01
   4.2514171e+00   1.6832733e-01
   4.2547516e+00   1.7089911e-01
   4.2580860e+00   1.4427765e-01
   4.2614205e+00   1.4137141e-01
   4.2647549e+00   8.6149776e-02
   4.2680894e+00   1.6165530e-02
   4.2714238e+00   1.4277836e-01
   4.2747583e+00   1.6611891e-01
   4.2780927e+00   1.0949656e-01
   4.2814271e+00   2.2013379e-01
   4.2847616e+00   2.4341249e-01
   4.2880960e+00   5.4256109e-02
   4.2914305e+00   1.3769003e-01
   4.2947649e+00   3.2840505e-01
   4.2980994e+00   1.1896537e-01
   4.3014338e+00   1.4546875e-01
   4.3047683e+00   1.8654318e-01
   4.3081027e+00   7.3957373e-02
   4.3114371e+00   1.0582042e-01
   4.3147716e+00   1.7961599e-01
   4.3181060e+00   1.4025973e-01
   4.3214405e+00   2.0159391e-01
   4.3247749e+00   1.4453354e-01
   4.3281094e+00   1.7330740e-01
   4.3314438e+00   2.5077381e-02
   4.3347783e+00   2.5474550e-01
   4.3381127e+00   2.3340600e-02
   4.3414471e+00   2.0294930e-01
   4.3447816e+00   1.2015194e-01
   4.3481160e+00   1.6363825e-01
   4.3514505e+00   2.7429926e-01
   4.3547849e+00   2.0905624e-01
   4.3581194e+00   1.6227266e-01
   4.3614538e+00   3.3827839e-02
   4.3647883e+00   6.6299408e-02
   4.3681227e+00   1.0476803e-01
   4.3714572e+00   2.4141862e-01
   4.3747916e+00   6.7416970e-02
   4.3781260e+00   1.5094799e-01
   4.3814605e+00   3.1285313e-01
   4.3847949e+00   2.3001561e-01
   4.3881294e+00   1.9025160e-01
   4.3914638e+00   2.0149531e-01
   4.3947983e+00   8.9503711e-02
   4.3981327e+00   2.4921748e-01
   4.4014672e+00   1.4736233e-01
   4.4048016e+00   1.3972502e-01
   4.4081360e+00   1.0278196e-01
   4.4114705e+00   1.1026543e-01
   4.4148049e+00   2.4623206e-01
   4.4181394e+00   2.1543318e-01
   4.4214738e+00   2.4207569e-01
   4.4248083e+00   1.2762506e-01
   4.4281427e+00   1.8049523e-01
   4.4314772e+00   1.0376522e-01
   4.4348116e+00   1.9697576e-01
   4.4381460e+00   8.5242309e-02
   4.4414805e+00   1.9594810e-01
   4.4448149e+00   1.3205123e-01
   4.4481494e+00   8.9639803e-02
   4.4514838e+00   8.7879651e-03
   4.4548183e+00   3.4699313e-01
   4.4581527e+00   1.3889781e-01
   4.4614872e+00   1.7751799e-01
   4.4648216e+00   2.7766674e-01
   4.4681561e+00   2.5661916e-01
   4.4714905e+00   2.6177433e-01
   4.4748249e+00   1.8603821e-01
   4.4781594e+00   2.3080622e-01
   4.4814938e+00   2.2110914e-01
   4.4848283e+00   1.8726530e-01
   4.4881627e+00   1.8106495e-01
   4.4914972e+00   1.3042684e-01
   4.4948316e+00   3.7695182e-01
   4.4981661e+00   2.2957219e-01
   4.5015005e+00   1.4960879e-01
   4.5048349e+00   1.2316531e-01
   4.5081694e+00   2.0616142e-01
   4.5115038e+00   7.4877681e-02
   4.5148383e+00   2.1472146e-01
   4.5181727e+00   2.6792828e-02
   4.5215072e+00   8.0933044e-02
   4.5248416e+00   1.4830404e-01
   4.5281761e+00   2.9972767e-01
   4.5315105e+00   1.7070314e-01
   4.5348449e+00   2.0339136e-01
   4.5381794e+00   1.2177629e-01
   4.5415138e+00   2.2940435e-01
   4.5448483e+00   3.0367433e-01
   4.5481827e+00   2.8902800e-01
   4.5515172e+00   2.1309738e-01
   4.5548516e+00   2.0091938e-01
   4.5581861e+00   1.6954881e-01
   4.5615205e+00   2.5701239e-01
   4.5648550e+00   1.4266590e-01
   4.5681894e+00   2.7117964e-02
   4.5715238e+00   1.4511956e-01
   4.5748583e+00   2.6022155e-01
   4.5781927e+00   2.4456310e-01
   4.5815272e+00   1.3205194e-01
   4.5848616e+00   2.1567753e-01
   4.5881961e+00   2.5627676e-01
   4.5915305e+00   2.0355687e-01
   4.5948650e+00   1.0486152e-01
   4.5981994e+00   1.1194497e-01
   4.6015338e+00   1.7272875e-01
   4.6048683e+00   1.5923656e-01
   4.6082027e+00   2.9775328e-01
   4.6115372e+00   3.5591751e-01
   4.6148716e+00   1.6111423e-01
   4.6182061e+00   1.3270181e-01
   4.6215405e+00   9.8476601e-02
   4.6248750e+00   1.9901517e-01
   4.6282094e+00   1.7655652e-01
   4.6315438e+00   1.0783077e-01
   4.6348783e+00   6.2624285e-02
   4.6382127e+00   1.4682594e-01
   4.6415472e+00   1.8660338e-02
   4.6448816e+00   2.2178134e-01
   4.6482161e+00   2.2081561e-01
   4.6515505e+00   1.8121453e-01
   4.6548850e+00   2.0861725e-01
   4.6582194e+00   2.2963961e-01
   4.6615539e+00   1.5495567e-02
   4.6648883e+00   1.4071236e-01
   4.6682227e+00   5.6373639e-02
   4.6715572e+00   2.8900187e-01
   4.6748916e+00   1.5713629e-01
   4.6782261e+00   1.1183254e-01
   4.6815605e+00   2.1923274e-01
   4.6848950e+00   2.1942536e-01
   4.6882294e+00   2.4908422e-01
   4.6915639e+00   2.3767331e-01
   4.6948983e+00   2.2966391e-01
   4.6982327e+00   1.4478017e-01
   4.7015672e+00   1.5556802e-01
   4.7049016e+00   6.8525071e-02
   4.7082361e+00   1.7633466e-01
   4.7115705e+00   1.5704786e-01
   4.7149050e+00   2.6835510e-01
   4.7182394e+00   1.4894053e-01
   4.7215739e+00   1.0143933e-01
   4.7249083e+00   8.7499568e-02
   4.7282427e+00   2.4959090e-01
   4.7315772e+00   1.8557548e-01
   4.7349116e+00   2.7177652e-01
   4.7382461e+00   1.9019194e-01
   4.7415805e+00   2.2464083e-01
   4.7449150e+00   2.2771815e-01
   4.7482494e+00   5.7983116e-02
   4.7515839e+00   1.9455929e-01
   4.7549183e+00   2.0332094e-01
   4.7582528e+00   2.0104296e-01
   4.7615872e+00   1.7096442e-01
   4.7649216e+00   1.7030966e-01
   4.7682561e+00   6.0247915e-02
   4.7715905e+00   1.6221065e-01
   4.7749250e+00   1.6341974e-01
   4.7782594e+00   2.7867334e-01
   4.7815939e+00   1.3708141e-01
   4.7849283e+00   1.2148894e-01
   4.7882628e+00   1.2219798e-01
   4.7915972e+00   2.0673747e-01
   4.7949316e+00   7.4091753e-02
   4.7982661e+00   3.3918544e-01
   4.8016005e+00   1.3408352e-01
   4.8049350e+00   2.2334563e-01
   4.8082694e+00   3.2077441e-01
   4.8116039e+00   1.5490223e-01
   4.8149383e+00   2.4498346e-01
   4.8182728e+00   2.2755370e-01
   4.8216072e+00   2.0814317e-01
   4.8249416e+00   1.5912734e-01
   4.8282761e+00   2.4251639e-01
   4.8316105e+00   2.2186116e-01
   4.8349450e+00   9.0373323e-04
   4.8382794e+00   1.3302206e-01
   4.8416139e+00   3.5344935e-01
   4.8449483e+00   2.1840646e-01
   4.8482828e+00   1.0971578e-01
   4.8516172e+00   1.2562237e-01
   4.8549517e+00   2.3853267e-01
   4.8582861e+00   1.5402950e-01
   4.8616205e+00   2.1646207e-01
   4.8649550e+00   2.1488595e-01
   4.8682894e+00   1.8577914e-01
   4.8716239e+00   1.1030956e-01
   4.8749583e+00   1.6943138e-01
   4.8782928e+00   2.6808698e-01
   4.8816272e+00   2.2948051e-01
   4.8849617e+00   1.9282720e-01
   4.8882961e+00   3.0575340e-01
   4.8916305e+00   3.3223685e-01
   4.8949650e+00   3.3590031e-01
   4.8982994e+00   3.2607803e-02
   4.9016339e+00   2.8182083e-01
   4.9049683e+00   2.4314630e-01
   4.9083028e+00   1.1302653e-01
   4.9116372e+00   8.4032659e-02
   4.9149717e+00   1.1317518e-01
   4.9183061e+00   1.7170656e-01
   4.9216405e+00   2.0880484e-01
   4.9249750e+00   2.4035508e-01
   4.9283094e+00   3.1685509e-01
   4.9316439e+00   1.0085285e-01
   4.9349783e+00   2.4009136e-01
   4.9383128e+00   2.9898054e-01
   4.9416472e+00   2.0315420e-01
   4.9449817e+00   1.2510479e-01
   4.9483161e+00   2.1301946e-01
   4.9516506e+00   2.2436638e-01
   4.9549850e+00   1.3661975e-01
   4.9583194e+00   1.5658362e-01
   4.9616539e+00   2.9332795e-01
   4.9649883e+00   1.3366423e-01
   4.9683228e+00   1.3594795e-01
   4.9716572e+00   1.0556362e-01
   4.9749917e+00   1.0673963e-01
   4.9783261e+00   2.0888429e-01
   4.9816606e+00   1.6291194e-01
   4.9849950e+00   1.9125626e-01
   4.9883294e+00   2.7893499e-01
   4.9916639e+00   3.3188054e-01
   4.9949983e+00   2.6355526e-01
   4.9983328e+00   2.2553291e-01
   5.0016672e+00   3.1548522e-01
   5.0050017e+00   2.3043706e-01
   5.0083361e+00   3.4991811e-01
   5.0116706e+00   1.7135843e-01
   5.0150050e+00   2.1788801e-01
   5.0183394e+00   2.4040649e-01
   5.0216739e+00   1.6139234e-01
   5.0250083e+00   1.2303055e-01
   5.0283428e+00   2.5828923e-01
   5.0316772e+00   2.1033737e-01
   5.0350117e+00   1.5304861e-01
   5.0383461e+00   1.1588079e-01
   5.0416806e+00   1.9678614e-01
   5.0450150e+00   4.2018087e-02
   5.0483494e+00   1.7519876e-01
   5.0516839e+00   5.2288169e-02
   5.0550183e+00   8.7875932e-03
   5.0583528e+00   2.6017278e-01
   5.0616872e+00   2.0126217e-01
   5.0650217e+00   7.6608590e-02
   5.0683561e+00   2.1983804e-01
   5.0716906e+00   1.6368676e-01
   5.0750250e+00   1.8109290e-01
   5.0783595e+00   2.3633297e-01
   5.0816939e+00   1.0840213e-01
   5.0850283e+00   1.8574111e-01
   5.0883628e+00   1.9646905e-01
   5.0916972e+00   1.0486406e-01
   5.0950317e+00   1.4746148e-01
   5.0983661e+00   2.5577387e-01
   5.1017006e+00   1.6306908e-01
   5.1050350e+00   1.5821766e-01
   5.1083695e+00   2.5950647e-01
   5.1117039e+00   1.8682878e-01
   5.1150383e+00   1.0735227e-01
   5.1183728e+00   1.8326696e-01
   5.1217072e+00   2.8297592e-01
   5.1250417e+00   1.5009068e-01
   5.1283761e+00   1.4515619e-01
   5.1317106e+00   1.4059905e-01
   5.1350450e+00   2.3844896e-01
   5.1383795e+00   3.2100687e-02
   5.1417139e+00   2.7268716e-01
   5.1450483e+00   2.5245654e-01
   5.1483828e+00   1.8287837e-01
   5.1517172e+00   1.5668943e-01
   5.1550517e+00   1.7418728e-01
   5.1583861e+00   1.0348266e-01
   5.1617206e+00   3.4201910e-01
   5.1650550e+00   1.2743085e-01
   5.1683895e+00   1.7516983e-01
   5.1717239e+00   1.6714770e-01
   5.1750584e+00   1.0441327e-01
   5.1783928e+00   1.7841048e-01
   5.1817272e+00   1.0703128e-01
   5.1850617e+00   2.0394040e-01
   5.1883961e+00   3.3069580e-01
   5.1917306e+00   1.0229126e-01
   5.1950650e+00   2.5442191e-02
   5.1983995e+00   8.9943361e-02
   5.2017339e+00   8.2404000e-02
   5.2050684e+00   1.3275980e-01
   5.2084028e+00   1.8074783e-01
   5.2117372e+00   2.2953525e-01
   5.2150717e+00   1.0505510e-01
   5.2184061e+00   2.3822941e-01
   5.2217406e+00   6.5807244e-02
   5.2250750e+00   2.0389502e-01
   5.2284095e+00   1.9525724e-03
   5.2317439e+00   1.3460595e-01
   5.2350784e+00   1.7301581e-01
   5.2384128e+00   7.9227738e-02
   5.2417472e+00   8.9028514e-02
   5.2450817e+00   1.5311807e-02
   5.2484161e+00   1.2846567e-01
   5.2517506e+00   4.0778469e-02
   5.2550850e+00   1.2179871e-01
   5.2584195e+00   1.2142613e-01
   5.2617539e+00   2.5233372e-01
   5.2650884e+00   3.4080068e-01
   5.2684228e+00   1.4443970e-01
   5.2717573e+00   2.1216551e-01
   5.2750917e+00   7.6193154e-02
   5.2784261e+00   3.6648111e-02
   5.2817606e+00   2.0693710e-01
   5.2850950e+00  -4.6756170e-02
   5.2884295e+00   2.0972388e-01
   5.2917639e+00   1.8586086e-01
   5.2950984e+00   2.1469084e-01
   5.2984328e+00   1.8055328e-01
   5.3017673e+00   4.4723040e-02
   5.3051017e+00   2.1355593e-01
   5.3084361e+00   9.4082814e-02
   5.3117706e+00   3.4099303e-02
   5.3151050e+00   1.8638508e-01
   5.3184395e+00   1.2684340e-01
   5.3217739e+00   1.1577094e-01
   5.3251084e+00   7.4124340e-02
   5.3284428e+00   1.6299373e-01
   5.3317773e+00   1.9770541e-02
   5.3351117e+00   1.0776242e-01
   5.3384461e+00   9.9565636e-02
   5.3417806e+00   1.5405136e-01
   5.3451150e+00   2.0093870e-01
   5.3484495e+00   2.2257858e-01
   5.3517839e+00   1.2156169e-01
   5.3551184e+00   1.3898069e-01
   5.3584528e+00   2.3417718e-01
   5.3617873e+00   2.3330158e-01
   5.3651217e+00   1.2929269e-01
   5.3684562e+00   7.0869692e-02
   5.3717906e+00   7.4326479e-02
   5.3751250e+00   2.0990485e-01
   5.3784595e+00   1.6143644e-01
   5.3817939e+00   2.3123231e-01
   5.3851284e+00   2.1979099e-01
   5.3884628e+00   1.4942489e-01
   5.3917973e+00   2.4158553e-01
   5.3951317e+00   1.3907749e-01
   5.3984662e+00   1.7580869e-01
   5.4018006e+00   1.3257592e-01
   5.4051350e+00   1.3152959e-01
   5.4084695e+00   1.5033831e-01
   5.4118039e+00   2.2934523e-01
   5.4151384e+00   1.9476723e-01
   5.4184728e+00   1.2404848e-01
   5.4218073e+00   2.8962803e-01
   5.4251417e+00   1.9374561e-01
   5.4284762e+00   1.3165331e-01
   5.4318106e+00   1.3159872e-01
   5.4351450e+00   3.2703291e-01
   5.4384795e+00   2.0770348e-01
   5.4418139e+00   1.0987025e-01
   5.4451484e+00   3.2307244e-01
   5.4484828e+00   1.8408499e-01
   5.4518173e+00   1.5415986e-01
   5.4551517e+00   1.6822267e-01
   5.4584862e+00   2.2359098e-01
   5.4618206e+00   2.4827142e-01
   5.4651551e+00   1.9083049e-01
   5.4684895e+00   2.6886345e-01
   5.4718239e+00   1.8211885e-01
   5.4751584e+00   1.3402725e-01
   5.4784928e+00   7.7830116e-02
   5.4818273e+00   1.3477263e-01
   5.4851617e+00   1.3599903e-01
   5.4884962e+00   1.9453450e-01
   5.4918306e+00   1.8624904e-01
   5.4951651e+00   2.3468619e-01
   5.4984995e+00   1.4994562e-01
   5.5018339e+00   1.9343901e-01
   5.5051684e+00   1.7762714e-01
   5.5085028e+00   1.8377820e-01
   5.5118373e+00   2.2138514e-01
   5.5151717e+00   2.0522958e-01
   5.5185062e+00   3.0414016e-01
   5.5218406e+00   1.3612788e-01
   5.5251751e+00   1.6140757e-01
   5.5285095e+00  -1.2115347e-02
   5.5318439e+00   1.0936142e-01
   5.5351784e+00   3.2690503e-01
   5.5385128e+00   2.2985891e-01
   5.5418473e+00   3.1127339e-01
   5.5451817e+00   1.0763150e-01
   5.5485162e+00   1.0062481e-01
   5.5518506e+00   1.3409475e-01
   5.5551851e+00   3.7106299e-01
   5.5585195e+00   3.0910753e-01
   5.5618540e+00   1.2185466e-01
   5.5651884e+00   9.3898300e-02
   5.5685228e+00   2.3037582e-01
   5.5718573e+00   1.3559292e-01
   5.5751917e+00   1.1572624e-01
   5.5785262e+00   1.4599392e-01
   5.5818606e+00   1.6883147e-01
   5.5851951e+00   6.4070496e-02
   5.5885295e+00   6.2756332e-02
   5.5918640e+00   6.0661457e-02
   5.5951984e+00   9.1810763e-02
   5.5985328e+00   9.6748863e-02
   5.6018673e+00   1.7679079e-01
   5.6052017e+00   7.2995767e-02
   5.6085362e+00   1.4778811e-01
   5.6118706e+00   1.5946811e-01
   5.6152051e+00   1.1376673e-01
   5.6185395e+00   1.4918765e-01
   5.6218740e+00   9.6211344e-02
   5.6252084e+00   9.1354397e-02
   5.6285428e+00   2.1321945e-01
   5.6318773e+00   1.6880009e-01
   5.6352117e+00   8.8774284e-02
   5.6385462e+00   1.5396198e-01
   5.6418806e+00   1.0281269e-01
   5.6452151e+00   9.1689378e-02
   5.6485495e+00   2.4372167e-01
   5.6518840e+00   2.5927458e-01
   5.6552184e+00   1.5451395e-01
   5.6585529e+00   5.4687110e-02
   5.6618873e+00   2.4349039e-01
   5.6652217e+00   2.2629432e-01
   5.6685562e+00  -5.5495174e-02
   5.6718906e+00   2.4868344e-01
   5.6752251e+00   1.0610671e-01
   5.6785595e+00   2.0985038e-01
   5.6818940e+00   2.6802046e-01
   5.6852284e+00   1.3100276e-01
   5.6885629e+00   1.5161799e-01
   5.6918973e+00   7.1828638e-02
   5.6952317e+00   6.7180759e-02
   5.6985662e+00   1.4814295e-01
   5.7019006e+00   1.2046739e-01
   5.7052351e+00   1.5188210e-01
   5.7085695e+00   7.6083889e-02
   5.7119040e+00   6.0019937e-02
   5.7152384e+00   6.1337231e-02
   5.7185729e+00   2.2072183e-01
   5.7219073e+00   1.7933792e-01
   5.7252417e+00   1.0615547e-01
   5.7285762e+00   2.5740001e-01
   5.7319106e+00   2.1821421e-01
   5.7352451e+00   1.7141763e-01
   5.7385795e+00   1.8176800e-01
   5.7419140e+00   2.3364978e-01
   5.7452484e+00   2.0477209e-01
   5.7485829e+00   1.7234879e-01
   5.7519173e+00   1.2234875e-01
   5.7552518e+00   1.1828727e-01
   5.7585862e+00   8.2755541e-04
   5.7619206e+00   1.2273055e-01
   5.7652551e+00   2.0618296e-01
   5.7685895e+00   1.2934054e-01
   5.7719240e+00   1.3494473e-01
   5.7752584e+00   1.6487087e-01
   5.7785929e+00   9.1510814e-02
   5.7819273e+00   1.6914256e-01
   5.7852618e+00   4.8461604e-02
   5.7885962e+00   1.7974570e-01
   5.7919306e+00   1.3751145e-01
   5.7952651e+00   1.2391784e-01
   5.7985995e+00   1.6191737e-01
   5.8019340e+00   1.9121043e-01
   5.8052684e+00   1.0524304e-01
   5.8086029e+00   1.4363033e-01
   5.8119373e+00   1.7625183e-01
   5.8152718e+00   2.5681592e-01
   5.8186062e+00   9.1702448e-02
   5.8219406e+00   1.4999496e-01
   5.8252751e+00   1.5908819e-01
   5.8286095e+00   2.7883220e-01
   5.8319440e+00   2.0081365e-01
   5.8352784e+00   7.4948846e-02
   5.8386129e+00   9.8416053e-02
   5.8419473e+00   1.9988816e-01
   5.8452818e+00   2.2979054e-01
   5.8486162e+00   1.6599223e-01
   5.8519507e+00   1.8747227e-01
   5.8552851e+00   1.0075613e-01
   5.8586195e+00   1.3071634e-01
   5.8619540e+00   1.5788414e-01
   5.8652884e+00   1.1156315e-01
   5.8686229e+00   1.2409279e-01
   5.8719573e+00  -4.1094944e-02
   5.8752918e+00   2.4862933e-01
   5.8786262e+00   2.8309949e-01
   5.8819607e+00   9.5942751e-02
   5.8852951e+00   2.2969806e-01
   5.8886295e+00   2.1041380e-01
   5.8919640e+00   1.4047591e-02
   5.8952984e+00   4.0414974e-02
   5.8986329e+00   2.2095356e-01
   5.9019673e+00   2.3953818e-01
   5.9053018e+00   2.7428800e-01
   5.9086362e+00   4.8793973e-02
   5.9119707e+00   2.3837212e-01
   5.9153051e+00   2.2535416e-01
   5.9186395e+00   1.2928443e-01
   5.9219740e+00   1.5349715e-01
   5.9253084e+00   8.4927725e-02
   5.9286429e+00   5.0766746e-02
   5.9319773e+00   1.9269520e-01
   5.9353118e+00   2.0981227e-01
   5.9386462e+00   1.7287080e-01
   5.9419807e+00   1.6537721e-01
   5.9453151e+00   1.1820262e-01
   5.9486495e+00   5.4136032e-02
   5.9519840e+00   1.4526574e-01
   5.9553184e+00   1.7268480e-01
   5.9586529e+00   1.3257122e-01
   5.9619873e+00   1.2167292e-01
   5.9653218e+00   4.2537213e-02
   5.9686562e+00   5.0842820e-02
   5.9719907e+00   2.1616285e-01
   5.9753251e+00   6.5600631e-02
   5.9786596e+00   2.4634827e-01
   5.9819940e+00   1.6375258e-01
   5.9853284e+00   2.5492999e-01
   5.9886629e+00  -3.0994570e-02
   5.9919973e+00   1.3647842e-01
   5.9953318e+00   6.4842948e-02
   5.9986662e+00   2.1226825e-01
   6.0020007e+00   2.7964299e-01
   6.0053351e+00   2.0535859e-01
   6.0086696e+00   1.2512949e-01
   6.0120040e+00   7.8675941e-02
   6.0153384e+00  -2.0312190e-02
   6.0186729e+00   2.9769295e-01
   6.0220073e+00   2.4217838e-01
   6.0253418e+00   1.2125713e-01
   6.0286762e+00   1.5921742e-01
   6.0320107e+00   6.3003791e-02
   6.0353451e+00   8.2170771e-02
   6.0386796e+00   1.6745005e-01
   6.0420140e+00   2.4270671e-01
   6.0453484e+00   1.6405662e-01
   6.0486829e+00   2.7931645e-01
   6.0520173e+00   1.7788751e-01
   6.0553518e+00   6.4534976e-02
   6.0586862e+00   6.4867454e-02
   6.0620207e+00   1.8586933e-01
   6.0653551e+00   2.8813060e-02
   6.0686896e+00   1.6192696e-01
   6.0720240e+00   7.5737337e-02
   6.0753585e+00   2.9114809e-01
   6.0786929e+00   1.4486801e-01
   6.0820273e+00   1.6574526e-01
   6.0853618e+00  -1.1832748e-02
   6.0886962e+00   7.5077709e-02
   6.0920307e+00   6.9533721e-02
   6.0953651e+00   2.0087188e-01
   6.0986996e+00   2.3777889e-01
   6.1020340e+00   1.2796257e-01
   6.1053685e+00   1.6509711e-01
   6.1087029e+00   1.3023194e-01
   6.1120373e+00   1.3672911e-01
   6.1153718e+00   9.2926753e-02
   6.1187062e+00   5.7438273e-02
   6.1220407e+00   1.6529747e-01
   6.1253751e+00   1.8092657e-01
   6.1287096e+00   1.9795000e-01
   6.1320440e+00   1.6730611e-01
   6.1353785e+00   2.1297002e-01
   6.1387129e+00   9.7418337e-02
   6.1420473e+00   1.0838480e-01
   6.1453818e+00   1.3440560e-01
   6.1487162e+00   1.3921170e-01
   6.1520507e+00   1.4314783e-01
   6.1553851e+00   2.9493164e-02
   6.1587196e+00   8.3630833e-02
   6.1620540e+00   1.3338792e-01
   6.1653885e+00   4.9171999e-02
   6.1687229e+00   2.0972102e-02
   6.1720574e+00   1.2963768e-01
   6.1753918e+00   1.6934485e-01
   6.1787262e+00   1.9025357e-01
   6.1820607e+00   1.6535708e-02
   6.1853951e+00   1.1303732e-01
   6.1887296e+00   1.2173641e-01
   6.1920640e+00   5.2036174e-02
   6.1953985e+00   1.6417914e-01
   6.1987329e+00   2.6875819e-01
   6.2020674e+00   1.4335952e-01
   6.2054018e+00   2.1199687e-01
   6.2087362e+00   2.5125756e-01
   6.2120707e+00   9.4247445e-02
   6.2154051e+00   2.9375224e-01
   6.2187396e+00   6.1444875e-02
   6.2220740e+00   1.3755527e-01
   6.2254085e+00   3.8228341e-02
   6.2287429e+00   7.4987085e-02
   6.2320774e+00   1.2820999e-01
   6.2354118e+00   1.7554477e-01
   6.2387462e+00   2.6461968e-01
   6.2420807e+00   8.8664919e-02
   6.2454151e+00   2.5368918e-01
   6.2487496e+00   8.5905961e-02
   6.2520840e+00   8.3419419e-02
   6.2554185e+00   1.8650399e-01
   6.2587529e+00   2.5576499e-01
   6.2620874e+00   1.5354353e-01
   6.2654218e+00   2.7315609e-02
   6.2687563e+00   1.4602451e-01
   6.2720907e+00   2.5658109e-01
   6.2754251e+00   1.5571936e-01
   6.2787596e+00   2.2845813e-01
   6.2820940e+00   1.3966663e-01
   6.2854285e+00   2.4982684e-02
   6.2887629e+00   1.9427288e-01
   6.2920974e+00   1.2596730e-01
   6.2954318e+00   2.3954945e-03
   6.2987663e+00   2.4498467e-01
   6.3021007e+00   1.6252371e-01
   6.3054351e+00   1.4781816e-01
   6.3087696e+00   1.7441228e-01
   6.3121040e+00   2.5986039e-01
   6.3154385e+00   2.3441737e-01
   6.3187729e+00   1.2878342e-01
   6.3221074e+00   8.2553983e-02
   6.3254418e+00   3.4144217e-02
   6.3287763e+00   1.8693759e-01
   6.3321107e+00   2.1604033e-01
   6.3354451e+00   2.0161702e-01
   6.3387796e+00   9.2645257e-02
   6.3421140e+00   6.6406974e-02
   6.3454485e+00   1.3100368e-01
   6.3487829e+00   1.6807476e-01
   6.3521174e+00   1.9299017e-01
   6.3554518e+00   2.7944342e-01
   6.3587863e+00   2.1664745e-01
   6.3621207e+00   3.9464124e-02
   6.3654552e+00   4.0103447e-02
   6.3687896e+00   1.5651899e-01
   6.3721240e+00   2.0355778e-01
   6.3754585e+00   2.4302362e-02
   6.3787929e+00   2.2686789e-02
   6.3821274e+00   2.0520912e-02
   6.3854618e+00  -6.1604447e-03
   6.3887963e+00   1.1966634e-01
   6.3921307e+00   1.3657671e-01
   6.3954652e+00   7.5794649e-02
   6.3987996e+00   5.5564294e-03
   6.4021340e+00   1.5907492e-01
   6.4054685e+00   1.3404354e-01
   6.4088029e+00   2.5213039e-02
   6.4121374e+00   2.0883993e-02
   6.4154718e+00  -2.2227204e-02
   6.4188063e+00   2.1060632e-01
   6.4221407e+00   2.1671471e-01
   6.4254752e+00   1.2535097e-01
   6.4288096e+00   1.7086653e-01
   6.4321440e+00   1.2579706e-01
   6.4354785e+00   1.2837235e-01
   6.4388129e+00   1.2549576e-01
   6.4421474e+00   2.0608633e-01
   6.4454818e+00   9.3194761e-02
   6.4488163e+00   8.1809956e-02
   6.4521507e+00   1.5303526e-01
   6.4554852e+00   8.7830529e-02
   6.4588196e+00   1.3163301e-01
   6.4621541e+00   1.9136916e-01
   6.4654885e+00   1.2597646e-01
   6.4688229e+00   1.5023515e-01
   6.4721574e+00   2.1208965e-01
   6.4754918e+00   2.1381115e-01
   6.4788263e+00  -5.5886593e-02
   6.4821607e+00   1.1793145e-01
   6.4854952e+00   1.2880826e-01
   6.4888296e+00   5.7968633e-02
   6.4921641e+00   7.5929365e-02
   6.4954985e+00   2.0839702e-02
   6.4988329e+00  -2.5312250e-03
   6.5021674e+00   9.6000223e-02
   6.5055018e+00   1.0084491e-02
   6.5088363e+00   2.4070963e-01
   6.5121707e+00   6.6100700e-02
   6.5155052e+00   1.4041106e-02
   6.5188396e+00   1.8674255e-01
   6.5221741e+00  -3.5195264e-02
   6.5255085e+00   6.1196523e-02
   6.5288429e+00   1.0347647e-01
   6.5321774e+00   2.2271466e-01
   6.5355118e+00   1.6831550e-01
   6.5388463e+00   1.3760353e-01
   6.5421807e+00   1.5434729e-01
   6.5455152e+00   1.8084947e-01
   6.5488496e+00   1.6928654e-01
   6.5521841e+00   1.9290306e-01
   6.5555185e+00   1.5511059e-01
   6.5588530e+00   6.7030539e-02
   6.5621874e+00   2.3081528e-03
   6.5655218e+00  -1.1647062e-01
   6.5688563e+00   9.3655211e-02
   6.5721907e+00   1.9563927e-01
   6.5755252e+00   5.3059265e-02
   6.5788596e+00   9.1398221e-02
   6.5821941e+00   1.9634873e-01
   6.5855285e+00   1.1582093e-01
   6.5888630e+00  -7.3079391e-02
   6.5921974e+00   4.7532547e-04
   6.5955318e+00   1.3160113e-01
   6.5988663e+00  -9.7735619e-03
   6.6022007e+00   1.5172462e-01
   6.6055352e+00   6.5976418e-02
   6.6088696e+00   1.7941187e-01
   6.6122041e+00  -1.8911540e-02
   6.6155385e+00   1.2505976e-01
   6.6188730e+00   9.2614060e-02
   6.6222074e+00   1.0809269e-01
   6.6255418e+00   1.1876583e-01
   6.6288763e+00   1.3858235e-01
   6.6322107e+00   2.6483286e-02
   6.6355452e+00   3.3780721e-02
   6.6388796e+00   4.1512450e-02
   6.6422141e+00   7.3493587e-02
   6.6455485e+00   2.3322462e-01
   6.6488830e+00   1.8808978e-01
   6.6522174e+00   1.7069761e-01
   6.6555519e+00   1.1196215e-01
   6.6588863e+00   1.2670799e-01
   6.6622207e+00   5.6110402e-02
   6.6655552e+00   1.7696019e-01
   6.6688896e+00   2.5188892e-01
   6.6722241e+00   1.5036096e-01
   6.6755585e+00   1.5438614e-01
   6.6788930e+00   1.2076413e-02
   6.6822274e+00   1.7575537e-01
   6.6855619e+00   4.3217664e-02
   6.6888963e+00   1.2277200e-01
   6.6922307e+00   1.2593237e-01
   6.6955652e+00   1.4854934e-01
   6.6988996e+00   1.5402842e-01
   6.7022341e+00   1.1681729e-01
   6.7055685e+00   1.1964429e-01
   6.7089030e+00   2.3328239e-01
   6.7122374e+00   5.4095339e-03
   6.7155719e+00   1.2772358e-01
   6.7189063e+00   9.1890161e-02
   6.7222407e+00   1.4577424e-02
   6.7255752e+00   3.8846342e-02
   6.7289096e+00   3.3264864e-01
   6.7322441e+00   8.1936843e-04
   6.7355785e+00   1.5951138e-01
   6.7389130e+00   1.0363663e-01
   6.7422474e+00   2.0255959e-01
   6.7455819e+00   2.6767030e-01
   6.7489163e+00   1.5077366e-01
   6.7522508e+00   1.0863881e-01
   6.7555852e+00   1.6495962e-01
   6.7589196e+00   2.7835973e-01
   6.7622541e+00   1.1086840e-01
   6.7655885e+00   1.1664080e-01
   6.7689230e+00   2.3298382e-02
   6.7722574e+00   1.3542101e-01
   6.7755919e+00   1.3328978e-02
   6.7789263e+00   2.1586836e-01
   6.7822608e+00   1.1018701e-01
   6.7855952e+00   7.3250631e-02
   6.7889296e+00   1.6932782e-01
   6.7922641e+00  -8.5883691e-02
   6.7955985e+00   2.5589500e-02
   6.7989330e+00   1.4988941e-01
   6.8022674e+00   6.3262800e-02
   6.8056019e+00   2.2511770e-01
   6.8089363e+00   8.1081595e-02
   6.8122708e+00   1.3268114e-01
   6.8156052e+00   1.3019001e-01
   6.8189396e+00   1.0197213e-01
   6.8222741e+00   2.4500949e-01
   6.8256085e+00   7.9546617e-02
   6.8289430e+00  -5.1936168e-03
   6.8322774e+00   2.8518317e-02
   6.8356119e+00   7.9303860e-02
   6.8389463e+00   1.5130214e-01
   6.8422808e+00   3.6393011e-02
   6.8456152e+00   8.8192023e-02
   6.8489496e+00   7.8703469e-02
   6.8522841e+00   3.0159598e-02
   6.8556185e+00   2.1736615e-01
   6.8589530e+00   1.2909792e-01
   6.8622874e+00   1.3612670e-02
   6.8656219e+00   9.9272588e-02
   6.8689563e+00   1.6058597e-01
   6.8722908e+00   1.7716019e-02
   6.8756252e+00   2.1290822e-01
   6.8789597e+00   1.0784446e-01
   6.8822941e+00   5.1586973e-02
   6.8856285e+00  -3.4727896e-02
   6.8889630e+00   1.0128596e-01
   6.8922974e+00  -1.7591243e-01
   6.8956319e+00   4.5852357e-02
   6.8989663e+00   1.6208547e-02
   6.9023008e+00   2.0275739e-01
   6.9056352e+00   2.3604976e-01
   6.9089697e+00  -3.5357900e-02
   6.9123041e+00   5.8678075e-02
   6.9156385e+00  -2.3997049e-02
   6.9189730e+00   1.2326194e-01
   6.9223074e+00   3.7636966e-02
   6.9256419e+00  -1.7704218e-02
   6.9289763e+00   2.0312050e-01
   6.9323108e+00   3.1413636e-02
   6.9356452e+00   3.7800437e-02
   6.9389797e+00   9.8569146e-02
   6.9423141e+00   1.9437532e-01
   6.9456485e+00   1.2835950e-01
   6.9489830e+00   6.1671311e-02
   6.9523174e+00   1.1878007e-01
   6.9556519e+00   6.6167087e-03
   6.9589863e+00   1.6360742e-01
   6.9623208e+00  -1.8959158e-02
   6.9656552e+00   1.2321781e-01
   6.9689897e+00   1.6788789e-02
   6.9723241e+00   1.9773517e-01
   6.9756586e+00   1.9543602e-01
   6.9789930e+00   5.7525992e-02
   6.9823274e+00   1.0678531e-01
   6.9856619e+00  -6.4646147e-02
   6.9889963e+00   1.1068643e-01
   6.9923308e+00   7.1512781e-02
   6.9956652e+00  -5.3991036e-02
   6.9989997e+00   9.1487025e-02
   7.0023341e+00   9.7452898e-02
   7.0056686e+00   9.2614592e-03
   7.0090030e+00  -1.7706029e-02
   7.0123374e+00   1.5919732e-01
   7.0156719e+00   1.9449863e-01
   7.0190063e+00   7.6358896e-02
   7.0223408e+00   1.4671858e-01
   7.0256752e+00   2.0592421e-01
   7.0290097e+00   1.4118891e-01
   7.0323441e+00   1.0450095e-01
   7.0356786e+00  -2.2807014e-02
   7.0390130e+00   7.8422217e-02
   7.0423474e+00   1.5491409e-01
   7.0456819e+00   9.5886230e-02
   7.0490163e+00   1.3144578e-01
   7.0523508e+00   8.8197765e-02
   7.0556852e+00   1.2840652e-01
   7.0590197e+00   1.2946960e-01
   7.0623541e+00   5.7743049e-02
   7.0656886e+00   1.0108718e-01
   7.0690230e+00   7.1167526e-02
   7.0723575e+00   1.1604108e-01
   7.0756919e+00   2.6686822e-01
   7.0790263e+00   2.2198801e-02
   7.0823608e+00   1.2493458e-01
   7.0856952e+00   6.2555373e-02
   7.0890297e+00   1.2826056e-01
   7.0923641e+00   1.5806777e-01
   7.0956986e+00   8.1066411e-02
   7.0990330e+00   2.0098220e-01
   7.1023675e+00   8.5825145e-02
   7.1057019e+00   7.3827095e-02
   7.1090363e+00   1.2886185e-01
   7.1123708e+00   1.1459538e-01
   7.1157052e+00   3.2022205e-01
   7.1190397e+00   1.8391228e-01
   7.1223741e+00   1.9917388e-01
   7.1257086e+00  -1.8312237e-02
   7.1290430e+00   5.7834613e-02
   7.1323775e+00  -7.9191291e-03
   7.1357119e+00   3.2313708e-01
   7.1390463e+00  -8.1056020e-02
   7.1423808e+00   5.3897851e-02
   7.1457152e+00   1.9842260e-01
   7.1490497e+00  -4.2036867e-02
   7.1523841e+00   3.3534415e-02
   7.1557186e+00   1.5708318e-01
   7.1590530e+00   1.1527878e-01
   7.1623875e+00   1.7778118e-01
   7.1657219e+00   1.7035103e-01
   7.1690564e+00   1.5647959e-01
   7.1723908e+00   1.1216685e-01
   7.1757252e+00   1.2125191e-01
   7.1790597e+00   2.1179512e-02
   7.1823941e+00   2.7254343e-03
   7.1857286e+00  -3.4709830e-02
   7.1890630e+00   1.1890761e-01
   7.1923975e+00   8.6204625e-02
   7.1957319e+00   1.1212460e-01
   7.1990664e+00   2.4649829e-01
   7.2024008e+00   2.1449668e-01
   7.2057352e+00   1.3170856e-01
   7.2090697e+00   5.7250547e-02
   7.2124041e+00  -3.2249114e-02
   7.2157386e+00   1.6111796e-01
   7.2190730e+00   2.2854449e-01
   7.2224075e+00   2.9413948e-02
   7.2257419e+00   1.0476097e-01
   7.2290764e+00   1.6512294e-01
   7.2324108e+00   1.0674933e-01
   7.2357452e+00   1.3716707e-01
   7.2390797e+00  -6.6100348e-03
   7.2424141e+00   2.1585349e-01
   7.2457486e+00   1.4295663e-02
   7.2490830e+00  -4.9770192e-02
   7.2524175e+00  -5.7864237e-02
   7.2557519e+00   2.2511076e-01
   7.2590864e+00  -5.4358728e-02
   7.2624208e+00   1.7232642e-01
   7.2657553e+00   1.6525440e-01
   7.2690897e+00   4.3531124e-02
   7.2724241e+00   1.7673460e-03
   7.2757586e+00   2.3384938e-01
   7.2790930e+00   1.7009112e-01
   7.2824275e+00   6.2277716e-02
   7.2857619e+00   1.1683617e-01
   7.2890964e+00   1.5285736e-02
   7.2924308e+00   7.4053358e-02
   7.2957653e+00   7.8806258e-02
   7.2990997e+00   4.3372293e-02
   7.3024341e+00   5.6721402e-02
   7.3057686e+00   1.0380892e-01
   7.3091030e+00   9.0465683e-02
   7.3124375e+00   6.9917130e-02
   7.3157719e+00   3.3829593e-03
   7.3191064e+00   6.8970146e-02
   7.3224408e+00   8.5877479e-02
   7.3257753e+00   1.0187982e-01
   7.3291097e+00   1.3092445e-01
   7.3324441e+00   1.5541127e-01
   7.3357786e+00   8.0274929e-02
   7.3391130e+00   4.4082319e-02
   7.3424475e+00   6.6172042e-02
   7.3457819e+00   2.0135753e-02
   7.3491164e+00   8.4448087e-02
   7.3524508e+00   2.3013973e-02
   7.3557853e+00   3.5968952e-02
   7.3591197e+00   1.9025450e-01
   7.3624542e+00   7.8169297e-02
   7.3657886e+00   9.0128269e-02
   7.3691230e+00   4.6423270e-02
   7.3724575e+00   2.2282862e-01
   7.3757919e+00   1.5701660e-01
   7.3791264e+00  -2.7089621e-02
   7.3824608e+00  -2.2537880e-02
   7.3857953e+00   1.1534678e-01
   7.3891297e+00   7.4235583e-02
   7.3924642e+00   2.2453868e-01
   7.3957986e+00  -7.4377521e-02
   7.3991330e+00   1.4463522e-01
   7.4024675e+00   4.4070362e-02
   7.4058019e+00   8.5079900e-02
   7.4091364e+00   5.9713174e-02
   7.4124708e+00  -2.7324084e-02
   7.4158053e+00  -2.6218832e-02
   7.4191397e+00  -2.8384127e-02
   7.4224742e+00   9.9043237e-02
   7.4258086e+00  -3.3356805e-04
   7.4291430e+00  -1.3728510e-02
   7.4324775e+00   6.0317337e-02
   7.4358119e+00  -1.0002396e-01
   7.4391464e+00  -2.1666107e-02
   7.4424808e+00   1.8567808e-02
   7.4458153e+00  -4.8175177e-02
   7.4491497e+00   1.8709606e-01
   7.4524842e+00   1.5051646e-01
   7.4558186e+00  -1.8470917e-02
   7.4591531e+00   2.0467193e-01
   7.4624875e+00   8.5688926e-02
   7.4658219e+00   4.3190092e-02
   7.4691564e+00   7.3158495e-02
   7.4724908e+00   9.3972571e-03
   7.4758253e+00   1.2285138e-01
   7.4791597e+00   8.6131643e-02
   7.4824942e+00   1.2725499e-01
   7.4858286e+00   1.5152192e-01
   7.4891631e+00  -3.6381718e-03
   7.4924975e+00   1.2224784e-01
   7.4958319e+00  -1.0867646e-01
   7.4991664e+00   4.5535986e-02
   7.5025008e+00   6.1109576e-02
   7.5058353e+00  -4.2546649e-02
   7.5091697e+00   2.7330902e-02
   7.5125042e+00   2.7826841e-02
   7.5158386e+00  -8.0121483e-04
   7.5191731e+00   1.7380507e-01
   7.5225075e+00   9.0485843e-02
   7.5258419e+00   7.4600460e-02
   7.5291764e+00   1.5551403e-01
   7.5325108e+00   1.3734905e-01
   7.5358453e+00  -1.4633449e-02
   7.5391797e+00  -2.1990077e-02
   7.5425142e+00  -5.6258607e-02
   7.5458486e+00  -1.3157615e-01
   7.5491831e+00   1.2597452e-01
   7.5525175e+00  -1.1482605e-01
   7.5558520e+00   1.4363967e-01
   7.5591864e+00   2.6152353e-01
   7.5625208e+00   1.1201908e-01
   7.5658553e+00   1.3619268e-01
   7.5691897e+00   6.9302872e-02
   7.5725242e+00   1.0446563e-01
   7.5758586e+00   1.3600967e-01
   7.5791931e+00   6.7780684e-02
   7.5825275e+00  -4.2835221e-03
   7.5858620e+00  -1.1550230e-01
   7.5891964e+00   1.3581961e-01
   7.5925308e+00   3.7585468e-02
   7.5958653e+00   3.5150439e-02
   7.5991997e+00   3.1683851e-02
   7.6025342e+00   1.7390914e-01
   7.6058686e+00  -1.5265499e-02
   7.6092031e+00   4.2374062e-02
   7.6125375e+00  -3.3210400e-02
   7.6158720e+00   5.9026919e-02
   7.6192064e+00   1.0006256e-01
   7.6225408e+00   7.3755264e-02
   7.6258753e+00   1.6654847e-01
   7.6292097e+00   3.3096057e-02
   7.6325442e+00   8.8374098e-02
   7.6358786e+00   1.0456731e-01
   7.6392131e+00   2.0778969e-02
   7.6425475e+00   3.6125270e-02
   7.6458820e+00   1.0823751e-01
   7.6492164e+00   8.8742808e-02
   7.6525509e+00   6.6972669e-02
   7.6558853e+00   7.0791116e-02
   7.6592197e+00   6.3523044e-02
   7.6625542e+00   2.1974411e-01
   7.6658886e+00   4.9776401e-02
   7.6692231e+00   1.0798815e-01
   7.6725575e+00   1.7221815e-01
   7.6758920e+00   1.1136558e-02
   7.6792264e+00  -5.0679171e-02
   7.6825609e+00   8.3206919e-02
   7.6858953e+00   8.3318372e-02
   7.6892297e+00   3.8419749e-02
   7.6925642e+00   5.2188036e-03
   7.6958986e+00   1.5096302e-02
   7.6992331e+00   1.1783398e-01
   7.7025675e+00   1.3219232e-01
   7.7059020e+00   9.4318520e-02
   7.7092364e+00   2.5490129e-02
   7.7125709e+00   1.3106745e-01
   7.7159053e+00   4.7459563e-02
   7.7192397e+00   8.4170769e-02
   7.7225742e+00   8.3256524e-02
   7.7259086e+00   8.4379355e-02
   7.7292431e+00  -4.4711267e-02
   7.7325775e+00   5.1813756e-02
   7.7359120e+00   1.3224631e-01
   7.7392464e+00   5.4957132e-02
   7.7425809e+00   5.8091213e-02
   7.7459153e+00   3.2036547e-02
   7.7492497e+00   5.2865056e-02
   7.7525842e+00   1.5697474e-01
   7.7559186e+00  -1.1168673e-02
   7.7592531e+00   7.9283621e-02
   7.7625875e+00  -9.9896569e-02
   7.7659220e+00   2.0047928e-01
   7.7692564e+00  -1.7937228e-02
   7.7725909e+00   3.1401212e-02
   7.7759253e+00   1.5696048e-01
   7.7792598e+00   1.2108171e-01
   7.7825942e+00   7.0729029e-02
   7.7859286e+00   5.7834845e-02
   7.7892631e+00   4.6374584e-02
   7.7925975e+00   1.6462350e-01
   7.7959320e+00   8.4101511e-02
   7.7992664e+00  -2.9731784e-02
   7.8026009e+00   7.6590673e-02
   7.8059353e+00   7.2949920e-02
   7.8092698e+00   5.9928298e-02
   7.8126042e+00   4.5372518e-02
   7.8159386e+00   6.1787912e-02
   7.8192731e+00   5.4036994e-02
   7.8226075e+00   8.9437370e-02
   7.8259420e+00   8.6809998e-02
   7.8292764e+00   5.3822273e-02
   7.8326109e+00   4.3067748e-02
   7.8359453e+00  -1.0621203e-03
   7.8392798e+00   8.8179757e-02
   7.8426142e+00   2.1304812e-02
   7.8459486e+00  -5.7724901e-02
   7.8492831e+00  -1.3334679e-02
   7.8526175e+00   1.1268173e-01
   7.8559520e+00   6.2901421e-02
   7.8592864e+00   2.9914731e-01
   7.8626209e+00   4.0393633e-02
   7.8659553e+00  -2.5873173e-03
   7.8692898e+00   9.0768355e-02
   7.8726242e+00   5.3947165e-02
   7.8759587e+00   1.0510716e-01
   7.8792931e+00   1.6362049e-01
   7.8826275e+00   1.1971790e-01
   7.8859620e+00   1.2476289e-02
   7.8892964e+00  -2.2768776e-02
   7.8926309e+00   2.3300265e-02
   7.8959653e+00  -4.4392976e-02
   7.8992998e+00   1.1578378e-01
   7.9026342e+00   1.3171748e-01
   7.9059687e+00   5.5730890e-03
   7.9093031e+00   9.7544923e-02
   7.9126375e+00   2.6368520e-02
   7.9159720e+00   1.1484294e-01
   7.9193064e+00   1.9218302e-02
   7.9226409e+00  -2.1238337e-02
   7.9259753e+00   5.5630778e-02
   7.9293098e+00   1.1061721e-01
   7.9326442e+00   1.2017935e-01
   7.9359787e+00   1.2162252e-02
   7.9393131e+00   1.6235527e-01
   7.9426475e+00   7.7622635e-02
   7.9459820e+00   2.7201865e-02
   7.9493164e+00   1.2664720e-01
   7.9526509e+00   1.5936653e-02
   7.9559853e+00  -9.3594191e-02
   7.9593198e+00  -5.2145684e-02
   7.9626542e+00   6.1201171e-02
   7.9659887e+00   6.8503752e-02
   7.9693231e+00   2.2144400e-01
   7.9726576e+00   2.2896904e-02
   7.9759920e+00   4.5559095e-03
   7.9793264e+00  -8.7907196e-03
   7.9826609e+00  -1.7623139e-02
   7.9859953e+00   8.1929080e-03
   7.9893298e+00   1.0175290e-01
   7.9926642e+00   3.3386369e-02
   7.9959987e+00  -3.8926166e-02
   7.9993331e+00   1.2941460e-01
   8.0026676e+00   2.3319229e-01
   8.0060020e+00   8.3967992e-02
   8.0093364e+00   6.8676501e-02
   8.0126709e+00   1.4405748e-01
   8.0160053e+00  -8.1042098e-02
   8.0193398e+00   2.8412325e-02
   8.0226742e+00  -3.2868377e-02
   8.0260087e+00   3.2407110e-02
   8.0293431e+00   8.7867907e-02
   8.0326776e+00  -4.5343257e-02
   8.0360120e+00   3.4008198e-02
   8.0393464e+00   4.0347604e-02
   8.0426809e+00  -2.7822452e-02
   8.0460153e+00  -4.0551638e-02
   8.0493498e+00   5.0373989e-02
   8.0526842e+00   1.9251499e-02
   8.0560187e+00   4.3453434e-02
   8.0593531e+00  -4.8273587e-02
   8.0626876e+00   5.6300050e-02
   8.0660220e+00   6.6406267e-02
   8.0693565e+00   1.5978963e-01
   8.0726909e+00  -1.1103110e-02
   8.0760253e+00  -1.1683861e-01
   8.0793598e+00  -9.1597075e-02
   8.0826942e+00   1.0107776e-01
   8.0860287e+00   5.9697673e-02
   8.0893631e+00   5.9400060e-02
   8.0926976e+00   7.6025876e-02
   8.0960320e+00   7.2646527e-02
   8.0993665e+00   1.1367101e-01
   8.1027009e+00  -1.4866694e-03
   8.1060353e+00   1.0978739e-02
   8.1093698e+00  -5.1472263e-02
   8.1127042e+00   1.0803581e-01
   8.1160387e+00   9.5853750e-02
   8.1193731e+00   1.9708895e-01
   8.1227076e+00  -2.1563546e-02
   8.1260420e+00   7.7162406e-02
   8.1293765e+00   9.1770603e-02
   8.1327109e+00   7.0443489e-02
   8.1360453e+00  -6.2299632e-02
   8.1393798e+00   4.8165916e-02
   8.1427142e+00   1.5561344e-01
   8.1460487e+00  -4.0467265e-03
   8.1493831e+00   6.9242025e-02
   8.1527176e+00   4.2194820e-02
   8.1560520e+00   1.3968490e-01
   8.1593865e+00  -3.0332136e-02
   8.1627209e+00  -5.8748644e-03
   8.1660554e+00  -1.4397346e-01
   8.1693898e+00   5.8426999e-02
   8.1727242e+00   1.7340837e-01
   8.1760587e+00   1.2352896e-01
   8.1793931e+00   4.2819955e-02
   8.1827276e+00   3.4923077e-02
   8.1860620e+00  -4.1252372e-03
   8.1893965e+00   8.1584786e-02
   8.1927309e+00   1.5355261e-01
   8.1960654e+00   4.8704407e-02
   8.1993998e+00   3.1796181e-02
   8.2027342e+00   6.6112646e-02
   8.2060687e+00  -6.8531538e-03
   8.2094031e+00  -2.7583615e-02
   8.2127376e+00   1.7661794e-01
   8.2160720e+00   1.4314189e-01
   8.2194065e+00   1.9037698e-01
   8.2227409e+00   8.6327105e-02
   8.2260754e+00   1.0839106e-01
   8.2294098e+00   1.3948286e-01
   8.2327442e+00   1.5756894e-01
   8.2360787e+00   3.6141050e-02
   8.2394131e+00   1.7748534e-01
   8.2427476e+00   1.5050714e-01
   8.2460820e+00  -7.3654005e-04
   8.2494165e+00   1.0496312e-01
   8.2527509e+00   2.1750707e-02
   8.2560854e+00   1.0380064e-01
   8.2594198e+00  -1.1887455e-01
   8.2627543e+00   1.4027839e-01
   8.2660887e+00  -7.0151390e-03
   8.2694231e+00   2.1038843e-02
   8.2727576e+00  -1.0932051e-01
   8.2760920e+00   1.7609707e-01
   8.2794265e+00  -7.7123317e-02
   8.2827609e+00   1.1168920e-01
   8.2860954e+00  -6.6293881e-02
   8.2894298e+00   1.2376775e-02
   8.2927643e+00  -6.5615392e-03
   8.2960987e+00   1.8038890e-02
   8.2994331e+00  -3.0133783e-02
   8.3027676e+00   3.6541706e-02
   8.3061020e+00  -8.6348661e-03
   8.3094365e+00  -1.7368080e-03
   8.3127709e+00  -3.6423812e-02
   8.3161054e+00   3.9111170e-02
   8.3194398e+00   4.0733753e-02
   8.3227743e+00   7.1727583e-04
   8.3261087e+00   1.8841010e-01
   8.3294431e+00   1.3329182e-01
   8.3327776e+00  -2.4068740e-02
   8.3361120e+00   3.0722166e-03
   8.3394465e+00   8.9944296e-02
   8.3427809e+00   3.8243089e-03
   8.3461154e+00  -1.0578888e-01
   8.3494498e+00  -3.6739862e-02
   8.3527843e+00   1.1698686e-01
   8.3561187e+00   7.0346323e-02
   8.3594532e+00  -7.8944176e-03
   8.3627876e+00   5.4871142e-02
   8.3661220e+00   1.8791366e-01
   8.3694565e+00   8.1948107e-02
   8.3727909e+00   8.7757795e-02
   8.3761254e+00   3.2658531e-02
   8.3794598e+00   1.2148348e-01
   8.3827943e+00  -7.7519726e-02
   8.3861287e+00  -1.6299160e-02
   8.3894632e+00   2.6257912e-01
   8.3927976e+00   1.7895070e-01
   8.3961320e+00  -3.5189284e-02
   8.3994665e+00   1.4556296e-01
   8.4028009e+00  -4.6033503e-03
   8.4061354e+00   8.5890333e-03
   8.4094698e+00   2.1765939e-02
   8.4128043e+00   1.0153514e-01
   8.4161387e+00   7.8957264e-02
   8.4194732e+00   9.9023828e-02
   8.4228076e+00  -2.6966734e-02
   8.4261420e+00   9.8415955e-02
   8.4294765e+00  -6.7050323e-02
   8.4328109e+00   1.1438370e-01
   8.4361454e+00   1.0585748e-01
   8.4394798e+00   2.5051384e-02
   8.4428143e+00   4.9645954e-02
   8.4461487e+00   1.7863303e-01
   8.4494832e+00   1.4045380e-01
   8.4528176e+00   1.6612014e-01
   8.4561521e+00  -1.3893988e-02
   8.4594865e+00  -3.0461685e-02
   8.4628209e+00   3.9193421e-02
   8.4661554e+00   3.9292856e-02
   8.4694898e+00   6.1091014e-02
   8.4728243e+00  -2.5147404e-02
   8.4761587e+00  -3.6669717e-02
   8.4794932e+00   1.1979716e-01
   8.4828276e+00   1.2368514e-01
   8.4861621e+00   6.9911809e-02
   8.4894965e+00   8.3615273e-02
   8.4928309e+00  -1.0779529e-01
   8.4961654e+00   1.0602153e-02
   8.4994998e+00   6.3817918e-02
   8.5028343e+00   5.2860782e-02
   8.5061687e+00   9.6525436e-02
   8.5095032e+00   1.0146913e-01
   8.5128376e+00   1.4972223e-02
   8.5161721e+00   9.4899575e-02
   8.5195065e+00  -3.0290470e-02
   8.5228409e+00   1.6305478e-01
   8.5261754e+00   7.4086091e-03
   8.5295098e+00   1.4634199e-01
   8.5328443e+00  -1.0217703e-01
   8.5361787e+00   6.0779881e-02
   8.5395132e+00   4.5665128e-02
   8.5428476e+00   1.1129918e-01
   8.5461821e+00  -2.6861657e-02
   8.5495165e+00   4.5475157e-02
   8.5528510e+00   2.2379534e-01
   8.5561854e+00   9.3236334e-03
   8.5595198e+00  -9.5770972e-03
   8.5628543e+00  -4.7020471e-02
   8.5661887e+00   5.6272462e-02
   8.5695232e+00   3.8559089e-02
   8.5728576e+00  -5.4351227e-03
   8.5761921e+00   7.7930983e-03
   8.5795265e+00   6.5917210e-02
   8.5828610e+00   1.0926252e-01
   8.5861954e+00   5.6298521e-03
   8.5895298e+00   4.1784135e-02
   8.5928643e+00   1.8001944e-01
   8.5961987e+00  -5.7345874e-02
   8.5995332e+00  -1.0971629e-01
   8.6028676e+00   8.7293514e-02
   8.6062021e+00  -8.2744381e-02
   8.6095365e+00   8.1007408e-02
   8.6128710e+00  -2.5462987e-02
   8.6162054e+00   2.9219800e-02
   8.6195398e+00   2.3691644e-02
   8.6228743e+00   7.0776014e-02
   8.6262087e+00   3.6817337e-02
   8.6295432e+00   1.3262641e-01
   8.6328776e+00  -6.6075936e-02
   8.6362121e+00   3.8572973e-02
   8.6395465e+00   4.0498067e-02
   8.6428810e+00   4.3662925e-02
   8.6462154e+00  -6.1718847e-02
   8.6495498e+00   9.1943177e-02
   8.6528843e+00  -4.3247434e-02
   8.6562187e+00  -2.3164685e-02
   8.6595532e+00   1.8055434e-02
   8.6628876e+00   3.0811062e-02
   8.6662221e+00   9.2993646e-02
   8.6695565e+00   8.0100446e-02
   8.6728910e+00   1.4063505e-01
   8.6762254e+00   4.1335919e-02
   8.6795599e+00   5.7099194e-02
   8.6828943e+00   2.7577460e-02
   8.6862287e+00  -4.2689597e-03
   8.6895632e+00  -5.8455643e-02
   8.6928976e+00   6.1587014e-02
   8.6962321e+00   4.9019097e-02
   8.6995665e+00  -8.4731458e-02
   8.7029010e+00   7.3423435e-02
   8.7062354e+00  -2.5286995e-02
   8.7095699e+00  -4.6548784e-03
   8.7129043e+00  -5.1530533e-03
   8.7162387e+00   7.6619101e-02
   8.7195732e+00   2.1946221e-02
   8.7229076e+00  -4.4657273e-02
   8.7262421e+00  -5.2052479e-02
   8.7295765e+00   4.2717387e-02
   8.7329110e+00  -4.6371575e-02
   8.7362454e+00  -3.7228019e-02
   8.7395799e+00  -2.1325501e-02
   8.7429143e+00  -4.8618193e-02
   8.7462487e+00   3.1972526e-02
   8.7495832e+00   1.1468961e-01
   8.7529176e+00  -5.7249846e-02
   8.7562521e+00   4.4885972e-02
   8.7595865e+00  -7.3201085e-02
   8.7629210e+00  -2.7358983e-02
   8.7662554e+00   2.4355169e-01
   8.7695899e+00   1.1961607e-02
   8.7729243e+00   3.1232683e-01
   8.7762588e+00   9.8795605e-02
   8.7795932e+00   2.1317504e-02
   8.7829276e+00   1.3200988e-01
   8.7862621e+00  -6.7128855e-02
   8.7895965e+00   8.1507999e-02
   8.7929310e+00  -1.1684293e-02
   8.7962654e+00   1.2013799e-01
   8.7995999e+00  -2.6906709e-03
   8.8029343e+00   8.1826928e-02
   8.8062688e+00  -5.6451941e-03
   8.8096032e+00  -2.5728262e-02
   8.8129376e+00  -8.2058529e-02
   8.8162721e+00   3.3879562e-01
   8.8196065e+00   5.7057809e-02
   8.8229410e+00   1.0901475e-01
   8.8262754e+00  -1.7672831e-02
   8.8296099e+00  -4.5595743e-02
   8.8329443e+00  -3.1325382e-02
   8.8362788e+00   3.5328970e-02
   8.8396132e+00   2.5393572e-01
   8.8429476e+00  -2.3271618e-04
   8.8462821e+00  -1.0982441e-01
   8.8496165e+00  -2.3848363e-02
   8.8529510e+00  -4.1287335e-02
   8.8562854e+00   3.6716829e-02
   8.8596199e+00   6.5590270e-02
   8.8629543e+00   2.7221541e-01
   8.8662888e+00  -1.9091185e-02
   8.8696232e+00   6.6467192e-02
   8.8729577e+00  -9.3870838e-02
   8.8762921e+00  -5.6765374e-02
   8.8796265e+00   6.2544182e-02
   8.8829610e+00  -2.5192151e-02
   8.8862954e+00   5.6145622e-02
   8.8896299e+00   7.0960721e-03
   8.8929643e+00   5.8113072e-02
   8.8962988e+00   1.1208407e-02
   8.8996332e+00  -4.9544758e-02
   8.9029677e+00   4.3297250e-02
   8.9063021e+00   2.9407828e-03
   8.9096365e+00   1.0699310e-01
   8.9129710e+00  -9.1954505e-02
   8.9163054e+00   1.0659464e-01
   8.9196399e+00   4.5020005e-03
   8.9229743e+00   1.4470621e-01
   8.9263088e+00   5.0816756e-02
   8.9296432e+00  -1.9640490e-02
   8.9329777e+00  -2.0445081e-02
   8.9363121e+00  -3.3375564e-02
   8.9396465e+00   7.0490424e-02
   8.9429810e+00  -4.7206838e-02
   8.9463154e+00   9.9460557e-02
   8.9496499e+00  -5.1802087e-02
   8.9529843e+00  -4.6279144e-02
   8.9563188e+00   3.5636239e-03
   8.9596532e+00  -4.7023930e-02
   8.9629877e+00  -3.5182787e-02
   8.9663221e+00  -2.2726494e-02
   8.9696566e+00  -1.5662671e-02
   8.9729910e+00  -4.2706881e-02
   8.9763254e+00   1.1510306e-01
   8.9796599e+00  -3.8976330e-02
   8.9829943e+00  -5.6761247e-02
   8.9863288e+00  -5.7763175e-02
   8.9896632e+00  -1.1696839e-01
   8.9929977e+00   1.2052832e-01
   8.9963321e+00  -1.0415959e-01
   8.9996666e+00   5.8264507e-02
   9.0030010e+00  -4.7986611e-02
   9.0063354e+00   1.7694455e-01
   9.0096699e+00  -2.6908907e-02
   9.0130043e+00  -5.2271927e-02
   9.0163388e+00   4.2806578e-02
   9.0196732e+00  -6.1547475e-02
   9.0230077e+00   4.3179580e-02
   9.0263421e+00  -4.7203530e-02
   9.0296766e+00   1.0810819e-02
   9.0330110e+00   3.5752306e-02
   9.0363454e+00  -2.3457148e-02
   9.0396799e+00   3.2191765e-02
   9.0430143e+00  -8.3220849e-02
   9.0463488e+00   1.2557849e-02
   9.0496832e+00   1.1158767e-02
   9.0530177e+00  -3.6306282e-02
   9.0563521e+00   4.4567680e-02
   9.0596866e+00   5.8375208e-02
   9.0630210e+00   1.0398434e-02
   9.0663555e+00   1.2438192e-01
   9.0696899e+00   9.2870811e-02
   9.0730243e+00  -1.0587325e-02
   9.0763588e+00   7.5474796e-02
   9.0796932e+00  -5.5054229e-02
   9.0830277e+00   1.0131611e-01
   9.0863621e+00   5.3350020e-02
   9.0896966e+00  -8.9912482e-04
   9.0930310e+00   2.3227611e-02
   9.0963655e+00   1.8629895e-02
   9.0996999e+00   1.7740155e-02
   9.1030343e+00  -1.1380668e-01
   9.1063688e+00  -4.5774420e-02
   9.1097032e+00  -4.5750730e-02
   9.1130377e+00   2.3297142e-02
   9.1163721e+00   7.2150305e-02
   9.1197066e+00   8.0899249e-03
   9.1230410e+00   8.8485974e-02
   9.1263755e+00  -6.2251858e-02
   9.1297099e+00  -3.7471671e-02
   9.1330443e+00  -1.7080299e-01
   9.1363788e+00   8.0443570e-02
   9.1397132e+00  -1.0588915e-01
   9.1430477e+00   9.1773717e-02
   9.1463821e+00  -1.2675018e-01
   9.1497166e+00   1.1570832e-01
   9.1530510e+00   1.9873587e-02
   9.1563855e+00   1.0761436e-02
   9.1597199e+00  -1.9356669e-04
   9.1630544e+00  -1.2553416e-02
   9.1663888e+00  -3.1376776e-02
   9.1697232e+00   1.6854313e-01
   9.1730577e+00   1.6177523e-01
   9.1763921e+00  -2.0889147e-01
   9.1797266e+00  -6.7007966e-03
   9.1830610e+00   3.1428389e-02
   9.1863955e+00  -3.4665460e-03
   9.1897299e+00  -7.5589293e-02
   9.1930644e+00  -2.5147381e-02
   9.1963988e+00   6.6875278e-02
   9.1997332e+00  -2.7430184e-02
   9.2030677e+00  -5.1622327e-02
   9.2064021e+00  -2.5759313e-02
   9.2097366e+00   1.0734422e-01
   9.2130710e+00  -4.6317802e-02
   9.2164055e+00  -2.2292056e-02
   9.2197399e+00   3.5108324e-02
   9.2230744e+00   1.0185309e-01
   9.2264088e+00   1.0721670e-01
   9.2297432e+00  -1.1044435e-01
   9.2330777e+00   1.0339192e-01
   9.2364121e+00   1.0499259e-01
   9.2397466e+00   5.3135984e-02
   9.2430810e+00   1.0546475e-02
   9.2464155e+00   4.5539567e-02
   9.2497499e+00   1.4926113e-01
   9.2530844e+00   7.9596740e-03
   9.2564188e+00   9.3893528e-03
   9.2597533e+00  -1.0212434e-01
   9.2630877e+00   9.3531330e-02
   9.2664221e+00   1.6763123e-02
   9.2697566e+00   8.8993351e-02
   9.2730910e+00   1.4257269e-01
   9.2764255e+00  -9.6927323e-02
   9.2797599e+00   1.9540713e-02
   9.2830944e+00   6.0968221e-02
   9.2864288e+00   7.3517689e-02
   9.2897633e+00   4.9642782e-02
   9.2930977e+00  -2.2005359e-03
   9.2964321e+00  -1.0816313e-01
   9.2997666e+00   4.9758039e-03
   9.3031010e+00  -3.7709963e-02
   9.3064355e+00  -4.0480628e-04
   9.3097699e+00   8.1416015e-02
   9.3131044e+00  -2.5077873e-02
   9.3164388e+00   1.4697657e-02
   9.3197733e+00   1.0613647e-01
   9.3231077e+00   9.9943380e-02
   9.3264421e+00   7.5747681e-02
   9.3297766e+00   8.2372302e-02
   9.3331110e+00  -1.0966135e-01
   9.3364455e+00   1.4436263e-01
   9.3397799e+00   5.7009370e-02
   9.3431144e+00   7.1712190e-02
   9.3464488e+00   2.3968241e-02
   9.3497833e+00   7.6109073e-02
   9.3531177e+00  -1.1716515e-01
   9.3564522e+00   1.1445321e-01
   9.3597866e+00  -2.9336872e-02
   9.3631210e+00   7.0944108e-03
   9.3664555e+00  -5.7454294e-02
   9.3697899e+00   4.7323278e-02
   9.3731244e+00   5.7242270e-02
   9.3764588e+00   2.5366491e-02
   9.3797933e+00   6.9430306e-02
   9.3831277e+00  -4.8589508e-02
   9.3864622e+00  -5.7740159e-02
   9.3897966e+00  -4.0295327e-02
   9.3931310e+00   2.9394752e-02
   9.3964655e+00  -1.2874576e-01
   9.3997999e+00   1.2720816e-01
   9.4031344e+00  -8.6611879e-02
   9.4064688e+00   1.3507414e-02
   9.4098033e+00   1.0149229e-01
   9.4131377e+00  -1.0228636e-01
   9.4164722e+00  -1.7695475e-01
   9.4198066e+00  -6.9675317e-02
   9.4231410e+00  -5.7238919e-03
   9.4264755e+00   1.2572465e-01
   9.4298099e+00   9.0260039e-02
   9.4331444e+00   9.5827452e-02
   9.4364788e+00  -1.5385277e-01
   9.4398133e+00   1.8622843e-03
   9.4431477e+00  -1.0744838e-02
   9.4464822e+00   4.8923145e-02
   9.4498166e+00   1.7540250e-01
   9.4531511e+00   4.3881590e-02
   9.4564855e+00   2.8944624e-02
   9.4598199e+00   6.8743257e-02
   9.4631544e+00  -4.0554794e-02
   9.4664888e+00   2.3747959e-02
   9.4698233e+00  -5.7516753e-02
   9.4731577e+00   4.5705278e-02
   9.4764922e+00   2.0545612e-02
   9.4798266e+00  -7.2570518e-02
   9.4831611e+00  -8.0022476e-02
   9.4864955e+00  -1.0525482e-01
   9.4898299e+00  -9.9759528e-02
   9.4931644e+00  -1.7218265e-03
   9.4964988e+00   1.5124899e-02
   9.4998333e+00  -1.0419917e-01
   9.5031677e+00   6.5770791e-02
   9.5065022e+00  -2.5762212e-02
   9.5098366e+00   1.8197476e-01
   9.5131711e+00   6.2523944e-02
   9.5165055e+00  -6.6145360e-03
   9.5198399e+00  -5.0526127e-02
   9.5231744e+00   9.8736463e-03
   9.5265088e+00   1.5740432e-01
   9.5298433e+00  -5.9187772e-02
   9.5331777e+00  -5.3803357e-02
   9.5365122e+00  -9.0893816e-02
   9.5398466e+00  -1.1335702e-01
   9.5431811e+00  -5.8339662e-02
   9.5465155e+00   1.4048568e-01
   9.5498499e+00  -1.2360482e-02
   9.5531844e+00   3.3525513e-02
   9.5565188e+00   2.6896975e-01
   9.5598533e+00  -1.3959685e-01
   9.5631877e+00  -1.0558472e-02
   9.5665222e+00   1.7489451e-01
   9.5698566e+00   3.5657109e-02
   9.5731911e+00   6.2974346e-02
   9.5765255e+00   3.4155459e-03
   9.5798600e+00  -2.2901366e-02
   9.5831944e+00   4.5811442e-02
   9.5865288e+00  -7.2876233e-02
   9.5898633e+00  -7.2511924e-02
   9.5931977e+00  -1.2606436e-01
   9.5965322e+00   1.0913227e-01
   9.5998666e+00   1.2555230e-01
   9.6032011e+00   6.4717719e-02
   9.6065355e+00   5.4048723e-02
   9.6098700e+00   4.1758817e-02
   9.6132044e+00  -6.6841638e-03
   9.6165388e+00   1.9458048e-02
   9.6198733e+00  -2.5411448e-02
   9.6232077e+00  -1.0896718e-01
   9.6265422e+00   8.6982914e-02
   9.6298766e+00   8.2999666e-02
   9.6332111e+00  -3.0118148e-02
   9.6365455e+00   4.0045222e-03
   9.6398800e+00   2.0210079e-02
   9.6432144e+00  -2.8513533e-02
   9.6465488e+00   6.0780650e-02
   9.6498833e+00  -1.5342436e-01
   9.6532177e+00   5.3686680e-02
   9.6565522e+00   1.2276540e-01
   9.6598866e+00  -2.2305872e-02
   9.6632211e+00  -7.1711715e-02
   9.6665555e+00  -3.6636652e-02
   9.6698900e+00  -3.1940303e-02
   9.6732244e+00   7.4028942e-02
   9.6765589e+00  -3.5194191e-02
   9.6798933e+00   1.0769038e-01
   9.6832277e+00  -6.0313532e-02
   9.6865622e+00   3.2757692e-02
   9.6898966e+00  -1.1038867e-01
   9.6932311e+00   1.4152059e-02
   9.6965655e+00   8.5850874e-02
   9.6999000e+00  -7.1052418e-02
   9.7032344e+00   5.2052509e-02
   9.7065689e+00   3.7429209e-02
   9.7099033e+00   5.5992379e-03
   9.7132377e+00   1.1648604e-02
   9.7165722e+00   9.3521024e-02
   9.7199066e+00  -4.7319712e-02
   9.7232411e+00   4.3126405e-02
   9.7265755e+00  -1.0421150e-01
   9.7299100e+00  -5.0983282e-02
   9.7332444e+00  -4.3159530e-02
   9.7365789e+00  -2.4193662e-02
   9.7399133e+00  -4.6888199e-02
   9.7432477e+00   7.7895858e-02
   9.7465822e+00   8.5140893e-03
   9.7499166e+00  -2.3781341e-02
   9.7532511e+00  -1.1276505e-02
   9.7565855e+00   1.1918997e-02
   9.7599200e+00  -1.1207586e-01
   9.7632544e+00   2.7005852e-02
   9.7665889e+00   2.7504660e-02
   9.7699233e+00   1.5034677e-02
   9.7732578e+00  -1.8701895e-02
   9.7765922e+00   2.8378596e-04
   9.7799266e+00  -1.1948505e-01
   9.7832611e+00   5.6361560e-03
   9.7865955e+00  -4.3022370e-02
   9.7899300e+00  -4.5849540e-02
   9.7932644e+00  -1.8055270e-02
   9.7965989e+00  -1.1350110e-02
   9.7999333e+00   3.6927694e-02
   9.8032678e+00  -7.5762404e-02
   9.8066022e+00   3.9114118e-02
   9.8099366e+00   6.9830609e-02
   9.8132711e+00  -7.4185579e-03
   9.8166055e+00  -1.2657335e-01
   9.8199400e+00   1.4906259e-02
   9.8232744e+00  -5.1704219e-02
   9.8266089e+00   4.9937877e-02
   9.8299433e+00  -2.0248831e-02
   9.8332778e+00  -1.0555920e-01
   9.8366122e+00  -6.9337822e-02
   9.8399466e+00  -4.8669356e-02
   9.8432811e+00  -5.6240323e-02
   9.8466155e+00   3.7319795e-02
   9.8499500e+00  -8.3573658e-03
   9.8532844e+00   1.3809085e-01
   9.8566189e+00   1.4990773e-01
   9.8599533e+00   1.0968516e-03
   9.8632878e+00   3.7583776e-02
   9.8666222e+00   3.3301884e-02
   9.8699567e+00  -4.9172583e-02
   9.8732911e+00   8.7174605e-03
   9.8766255e+00   4.7280932e-02
   9.8799600e+00  -1.6929386e-01
   9.8832944e+00   1.4414721e-02
   9.8866289e+00   1.0612683e-01
   9.8899633e+00  -7.1356627e-02
   9.8932978e+00  -2.3259791e-02
   9.8966322e+00   8.8039890e-02
   9.8999667e+00   6.0258711e-02
   9.9033011e+00  -2.0915032e-01
   9.9066355e+00   1.0602226e-01
   9.9099700e+00   4.1173630e-02
   9.9133044e+00   2.5112874e-03
   9.9166389e+00  -1.0908117e-01
   9.9199733e+00   1.1421598e-01
   9.9233078e+00   1.9921190e-01
   9.9266422e+00  -5.9097753e-02
   9.9299767e+00   1.1942232e-01
   9.9333111e+00  -7.7441513e-02
   9.9366455e+00  -6.7414951e-02
   9.9399800e+00  -2.0442538e-02
   9.9433144e+00  -9.0292671e-02
   9.9466489e+00   4.8687923e-02
   9.9499833e+00   2.1119601e-02
   9.9533178e+00   6.1899062e-02
   9.9566522e+00  -5.8802845e-02
   9.9599867e+00   9.5220656e-02
   9.9633211e+00  -1.3955777e-02
   9.9666556e+00  -9.0395373e-02
   9.9699900e+00  -9.7672274e-02
   9.9733244e+00   5.3996493e-02
   9.9766589e+00  -6.0668172e-02
   9.9799933e+00   5.6010241e-02
   9.9833278e+00  -1.5765022e-02
   9.9866622e+00   9.2473530e-03
   9.9899967e+00   8.3567680e-02
   9.9933311e+00   6.3507655e-02
   9.9966656e+00   5.0494669e-02
   1.0000000e+01   1.5074154e-01
